Orthogroup	schistosoma_turkestanicum	schistosoma_rodhaini
OG0000000	STRK1_54000.1, STRK1_6720.1	SRDH2_96830.1, SRDH2_18590.1, SRDH2_100110.1
OG0000002	STRK1_40290.1, STRK1_40290.2	SRDH2_8910.1, SRDH2_8910.2, SRDH2_8920.1, SRDH2_101720.1, SRDH2_101720.2, SRDH2_101720.3, SRDH2_101720.4, SRDH2_2520.1, SRDH2_81780.1, SRDH2_55620.1, SRDH2_93980.1, SRDH2_93980.2, SRDH2_93980.3, SRDH2_93980.4, SRDH2_93980.5, SRDH2_40490.10, SRDH2_40490.3, SRDH2_40490.4, SRDH2_40490.5, SRDH2_40490.6, SRDH2_40490.7, SRDH2_40490.8, SRDH2_40490.9, SRDH2_10090.1, SRDH2_10090.2, SRDH2_10090.3, SRDH2_10090.4, SRDH2_41980.1, SRDH2_16800.1, SRDH2_40490.1, SRDH2_40490.2, SRDH2_9000.1, SRDH2_9000.2
OG0000004	STRK1_80630.1, STRK1_51910.1, STRK1_37450.1, STRK1_105100.1, STRK1_100440.1, STRK1_92990.1, STRK1_42560.1	SRDH2_85920.1, SRDH2_58630.1, SRDH2_20010.1, SRDH2_54290.1, SRDH2_21930.1, SRDH2_72680.1, SRDH2_36920.1, SRDH2_47990.1, SRDH2_80390.1, SRDH2_101980.1, SRDH2_66740.1, SRDH2_30130.1, SRDH2_82830.1, SRDH2_12350.1, SRDH2_78730.1, SRDH2_50480.1, SRDH2_60420.1, SRDH2_85640.1, SRDH2_56030.1
OG0000005	STRK1_81020.1, STRK1_70210.1, STRK1_68120.1	SRDH2_74440.1, SRDH2_1360.1, SRDH2_79640.1, SRDH2_93790.1, SRDH2_9680.1, SRDH2_55640.1, SRDH2_39870.1, SRDH2_24030.1, SRDH2_92820.1, SRDH2_68140.1, SRDH2_42260.1, SRDH2_40170.1
OG0000006	STRK1_41660.1, STRK1_55710.1, STRK1_86020.1, STRK1_22820.1, STRK1_22820.2, STRK1_48860.1, STRK1_63420.1, STRK1_63420.2, STRK1_14260.1, STRK1_44290.1, STRK1_22760.1, STRK1_21440.2, STRK1_29920.1, STRK1_18950.1, STRK1_18950.2, STRK1_6250.1, STRK1_65670.1, STRK1_109850.1	SRDH2_20190.1, SRDH2_75960.1, SRDH2_21900.1, SRDH2_21900.3, SRDH2_21900.2, SRDH2_22130.1, SRDH2_31310.1, SRDH2_65790.1, SRDH2_73010.1, SRDH2_34190.1, SRDH2_840.1
OG0000006	STRK1_1850.1	SRDH2_74110.1, SRDH2_95720.1, SRDH2_42990.1, SRDH2_40930.1, SRDH2_56680.1
OG0000006	STRK1_52500.1	SRDH2_65340.1, SRDH2_93320.1, SRDH2_73660.1, SRDH2_60720.1, SRDH2_102070.1, SRDH2_43700.1, SRDH2_79500.1, SRDH2_24320.1, SRDH2_40220.1, SRDH2_9810.1, SRDH2_30420.1
OG0000009	STRK1_39640.1	SRDH2_10110.1, SRDH2_26480.1, SRDH2_82870.1, SRDH2_36960.1, SRDH2_71930.1, SRDH2_19580.1, SRDH2_19570.1, SRDH2_42650.1, SRDH2_86450.1, SRDH2_94200.1, SRDH2_56590.1, SRDH2_79580.1, SRDH2_56120.1, SRDH2_56120.2, SRDH2_44870.1, SRDH2_28150.1, SRDH2_40630.1, SRDH2_79370.1, SRDH2_12230.1, SRDH2_19910.1
OG0000010	STRK1_22300.1, STRK1_110010.1, STRK1_97800.1, STRK1_92040.1, STRK1_53290.1, STRK1_49560.1, STRK1_56870.1, STRK1_41030.1, STRK1_104050.1	SRDH2_8620.1, SRDH2_27680.1, SRDH2_34460.1, SRDH2_46180.2, SRDH2_46180.1, SRDH2_12260.1, SRDH2_32760.1, SRDH2_78420.1, SRDH2_46690.1, SRDH2_102330.1, SRDH2_58060.1, SRDH2_58060.3, SRDH2_58060.2, SRDH2_17270.1, SRDH2_56770.1, SRDH2_45730.1, SRDH2_32760.2, SRDH2_56760.1, SRDH2_1720.1, SRDH2_3580.1, SRDH2_3580.3, SRDH2_3580.2, SRDH2_3570.1, SRDH2_7950.1, SRDH2_34120.1, SRDH2_55000.1, SRDH2_93550.1
OG0000014	STRK1_32840.1	SRDH2_32020.33, SRDH2_32020.13, SRDH2_32020.17, SRDH2_32020.23, SRDH2_32020.27, SRDH2_32020.25, SRDH2_32020.18, SRDH2_32020.37, SRDH2_32020.3, SRDH2_32020.4, SRDH2_32020.12, SRDH2_32020.14, SRDH2_32020.16, SRDH2_32020.19, SRDH2_32020.20, SRDH2_32020.28, SRDH2_32020.1, SRDH2_32020.15, SRDH2_32020.24, SRDH2_32020.30, SRDH2_32020.5, SRDH2_32020.8, SRDH2_32020.38, SRDH2_32020.40, SRDH2_32020.2, SRDH2_32020.21, SRDH2_32020.29, SRDH2_32020.6, SRDH2_32020.11, SRDH2_32020.26, SRDH2_32020.31, SRDH2_32020.32, SRDH2_32020.34, SRDH2_32020.22, SRDH2_32020.10, SRDH2_32020.35, SRDH2_32020.36, SRDH2_32020.39, SRDH2_32020.9
OG0000015	STRK1_32820.1	SRDH2_32040.2
OG0000015	STRK1_58960.1	SRDH2_66330.1
OG0000015	STRK1_58950.1	SRDH2_66340.1
OG0000015	STRK1_28980.1	SRDH2_38560.1
OG0000015	STRK1_28970.1	SRDH2_38570.1
OG0000015	STRK1_28940.1	SRDH2_38590.1
OG0000015	STRK1_40280.1	SRDH2_43900.1
OG0000015	STRK1_41060.1	SRDH2_43070.1, SRDH2_43080.1, SRDH2_43060.1
OG0000015	STRK1_41050.1, STRK1_41050.2, STRK1_41050.3	SRDH2_43100.1
OG0000015	STRK1_9490.1	SRDH2_10450.1
OG0000019	STRK1_28380.1	SRDH2_34300.1
OG0000019	STRK1_28370.1	SRDH2_34310.5, SRDH2_34310.7, SRDH2_34310.6, SRDH2_34310.3, SRDH2_34310.2, SRDH2_34310.1, SRDH2_34310.4
OG0000020	STRK1_89440.1, STRK1_110730.1, STRK1_89420.1, STRK1_89430.1, STRK1_89430.2, STRK1_53450.1, STRK1_95860.1, STRK1_95860.2, STRK1_53460.1, STRK1_53460.2, STRK1_101150.1, STRK1_101150.2, STRK1_101150.3, STRK1_89410.1, STRK1_89590.1, STRK1_89400.1, STRK1_82850.1, STRK1_95870.1, STRK1_82890.1, STRK1_105740.1, STRK1_62050.1, STRK1_62050.2, STRK1_82970.1, STRK1_82860.1, STRK1_82860.2, STRK1_83010.1, STRK1_83030.1, STRK1_103050.1, STRK1_82880.1, STRK1_82870.1, STRK1_82870.2, STRK1_83050.1, STRK1_83050.2, STRK1_82940.1, STRK1_82960.1, STRK1_82960.2, STRK1_82930.1, STRK1_83060.1, STRK1_82990.1, STRK1_96010.1, STRK1_82910.1, STRK1_83000.1, STRK1_99060.1, STRK1_99060.2, STRK1_83040.1, STRK1_82980.1, STRK1_82980.2, STRK1_106490.1, STRK1_95440.1, STRK1_95440.2	SRDH2_95250.1, SRDH2_95240.1, SRDH2_95180.1, SRDH2_95300.1, SRDH2_95200.4, SRDH2_95200.5, SRDH2_95200.3, SRDH2_95200.9, SRDH2_95200.1, SRDH2_95200.2, SRDH2_95200.6, SRDH2_95200.8, SRDH2_95280.1, SRDH2_95200.7
OG0000021	STRK1_12640.1	SRDH2_8550.1
OG0000021	STRK1_3460.1	SRDH2_5890.1
OG0000021	STRK1_3470.1	SRDH2_5900.1
OG0000021	STRK1_3440.1	SRDH2_5860.2, SRDH2_5860.1, SRDH2_102110.1
OG0000021	STRK1_3450.1	SRDH2_102090.1, SRDH2_5880.1
OG0000021	STRK1_3430.1	SRDH2_5850.3, SRDH2_5850.2, SRDH2_5850.1, SRDH2_5850.4
OG0000022	STRK1_25560.1, STRK1_25560.2	SRDH2_27620.10, SRDH2_27620.33, SRDH2_27620.25, SRDH2_27620.8, SRDH2_27620.37, SRDH2_27620.34, SRDH2_27620.11, SRDH2_27620.17, SRDH2_27620.12, SRDH2_27620.18, SRDH2_27620.16, SRDH2_27620.31, SRDH2_27620.1, SRDH2_27620.30, SRDH2_27620.5, SRDH2_27620.2, SRDH2_27620.32, SRDH2_27620.21, SRDH2_27620.28, SRDH2_27620.22, SRDH2_27620.23, SRDH2_27620.6, SRDH2_27620.19, SRDH2_27620.20, SRDH2_27620.26, SRDH2_27620.14, SRDH2_27620.15, SRDH2_27620.13, SRDH2_27620.9, SRDH2_27620.7, SRDH2_27620.29, SRDH2_27620.24, SRDH2_27620.4, SRDH2_27620.27, SRDH2_27620.3
OG0000023	STRK1_89660.1, STRK1_74850.1, STRK1_87840.1	SRDH2_63600.1, SRDH2_97530.1, SRDH2_84480.1, SRDH2_85020.1, SRDH2_39760.1
OG0000023	STRK1_18830.1, STRK1_109670.1, STRK1_66810.1	SRDH2_49570.1, SRDH2_21610.1, SRDH2_49310.1, SRDH2_9630.1
OG0000023	STRK1_10470.1	SRDH2_79690.1
OG0000023	STRK1_78320.1, STRK1_103420.1, STRK1_110510.1, STRK1_76590.1, STRK1_94860.1, STRK1_59810.1, STRK1_90750.1, STRK1_21690.1	SRDH2_96430.1
OG0000024	STRK1_22140.1	SRDH2_24010.1
OG0000024	STRK1_101880.1	SRDH2_94350.1
OG0000024	STRK1_58710.1	SRDH2_67860.1
OG0000024	STRK1_78170.1	SRDH2_82380.1
OG0000024	STRK1_78160.1	SRDH2_82370.1
OG0000026	STRK1_76900.1, STRK1_76900.2	SRDH2_81630.3, SRDH2_81630.2, SRDH2_81630.8, SRDH2_81630.7, SRDH2_81630.5, SRDH2_81630.9, SRDH2_81630.4, SRDH2_81630.1, SRDH2_81630.6
OG0000026	STRK1_69960.1, STRK1_69960.2	SRDH2_73460.10, SRDH2_73460.11, SRDH2_73460.14, SRDH2_73460.15, SRDH2_73460.8, SRDH2_73460.9, SRDH2_73460.2, SRDH2_73460.4, SRDH2_73460.5, SRDH2_73460.3, SRDH2_73460.1, SRDH2_73460.6, SRDH2_73460.12, SRDH2_73460.13, SRDH2_73460.7, SRDH2_73510.3, SRDH2_73510.4, SRDH2_73510.5, SRDH2_73510.7, SRDH2_73510.1, SRDH2_73510.2, SRDH2_73510.8, SRDH2_73510.6
OG0000027	STRK1_105950.1	SRDH2_40180.2, SRDH2_40180.4, SRDH2_40180.5, SRDH2_40180.1
OG0000028	STRK1_68350.1	SRDH2_71910.10, SRDH2_71910.4, SRDH2_71910.6, SRDH2_71910.8, SRDH2_71910.5, SRDH2_71910.7, SRDH2_71910.9, SRDH2_71910.11, SRDH2_71910.12, SRDH2_71910.2, SRDH2_71910.13, SRDH2_71910.18, SRDH2_71910.21, SRDH2_71910.24, SRDH2_71910.1, SRDH2_71910.26, SRDH2_71910.29, SRDH2_71910.25, SRDH2_71910.34, SRDH2_71910.17, SRDH2_71910.20, SRDH2_71910.23, SRDH2_71910.27, SRDH2_71910.28, SRDH2_71910.15, SRDH2_71910.19, SRDH2_71910.31, SRDH2_71910.16, SRDH2_71910.22, SRDH2_71910.32, SRDH2_71910.33, SRDH2_71910.14, SRDH2_71910.30, SRDH2_71910.3
OG0000029	STRK1_108400.1	SRDH2_58920.1
OG0000029	STRK1_85070.1	SRDH2_90020.1
OG0000029	STRK1_85080.1	SRDH2_90050.1
OG0000029	STRK1_18700.1	SRDH2_20870.1
OG0000029	STRK1_18700.2	SRDH2_20870.1
OG0000029	STRK1_87900.1, STRK1_87910.1	SRDH2_91070.1
OG0000029	STRK1_87930.1	SRDH2_91060.1
OG0000030	STRK1_6180.1, STRK1_6180.4, STRK1_6180.5, STRK1_6180.6, STRK1_6180.7, STRK1_6180.8, STRK1_6180.2, STRK1_6180.3	SRDH2_6780.1
OG0000031	STRK1_19670.1, STRK1_19670.2, STRK1_19670.3	SRDH2_21700.10, SRDH2_21700.4, SRDH2_21700.1, SRDH2_21700.6, SRDH2_21700.12, SRDH2_21700.7, SRDH2_21700.8, SRDH2_21700.9, SRDH2_21700.3, SRDH2_21700.2, SRDH2_21700.11, SRDH2_21700.13, SRDH2_21700.5
OG0000032	STRK1_76860.1	SRDH2_81680.1
OG0000034	STRK1_89090.1, STRK1_89090.2, STRK1_89090.3	SRDH2_94750.1
OG0000034	STRK1_89060.1, STRK1_89070.1, STRK1_89080.1	SRDH2_94690.1, SRDH2_94710.1, SRDH2_94460.1, SRDH2_94440.1, SRDH2_94700.1, SRDH2_94450.1
OG0000034	STRK1_56670.1, STRK1_56660.1, STRK1_56720.1, STRK1_56680.1, STRK1_56630.1, STRK1_56650.1	SRDH2_58720.1, SRDH2_58700.1, SRDH2_58680.1, SRDH2_58640.1
OG0000035	STRK1_4760.4, STRK1_4760.6, STRK1_4760.3, STRK1_4760.5, STRK1_4760.7, STRK1_4760.8, STRK1_4760.2, STRK1_4760.1	SRDH2_15480.22, SRDH2_15480.18, SRDH2_15480.20, SRDH2_15480.2, SRDH2_15480.4, SRDH2_15480.21, SRDH2_15480.15, SRDH2_15480.17, SRDH2_15480.14, SRDH2_15480.16, SRDH2_15480.24, SRDH2_15480.25, SRDH2_15480.19, SRDH2_15480.6, SRDH2_15480.1, SRDH2_15480.23, SRDH2_15480.3, SRDH2_15480.9, SRDH2_15480.5, SRDH2_15480.8, SRDH2_15480.12, SRDH2_15480.13, SRDH2_15480.26, SRDH2_15480.11, SRDH2_15480.7, SRDH2_15480.10
OG0000036	STRK1_42430.1	SRDH2_46270.1, SRDH2_70800.1, SRDH2_7760.1, SRDH2_8070.1, SRDH2_8070.2, SRDH2_10210.1, SRDH2_6820.1, SRDH2_40550.1, SRDH2_40550.2, SRDH2_86460.1, SRDH2_76890.1
OG0000037	STRK1_105250.1, STRK1_57970.1, STRK1_57970.2	SRDH2_61520.1
OG0000037	STRK1_58000.1, STRK1_105220.1, STRK1_57980.1	SRDH2_61530.17, SRDH2_61530.2, SRDH2_61530.24, SRDH2_61530.21, SRDH2_61530.23, SRDH2_61530.15, SRDH2_61530.13, SRDH2_61530.19, SRDH2_61530.16, SRDH2_61530.4, SRDH2_61530.5, SRDH2_61530.9, SRDH2_61530.1, SRDH2_61530.10, SRDH2_61530.6, SRDH2_61530.22, SRDH2_61530.11, SRDH2_61530.7, SRDH2_61530.8, SRDH2_61530.18, SRDH2_61530.20, SRDH2_61530.12, SRDH2_61530.3, SRDH2_61530.14
OG0000040	STRK1_101230.2, STRK1_101230.1, STRK1_101230.3, STRK1_101230.4, STRK1_101230.5	SRDH2_53910.2, SRDH2_53910.7, SRDH2_53910.8, SRDH2_53910.11, SRDH2_53910.18, SRDH2_53910.12, SRDH2_53910.16, SRDH2_53910.3, SRDH2_53910.5, SRDH2_53910.6, SRDH2_53920.1, SRDH2_53910.19, SRDH2_53910.4, SRDH2_53910.13, SRDH2_53910.15, SRDH2_53910.14, SRDH2_53910.1, SRDH2_53910.17, SRDH2_53910.10, SRDH2_53910.9
OG0000042	STRK1_38240.1	SRDH2_40040.3, SRDH2_40040.2, SRDH2_40040.1, SRDH2_40040.4
OG0000042	STRK1_38230.1, STRK1_38230.2, STRK1_38230.3	SRDH2_40030.2, SRDH2_40030.1, SRDH2_40030.3
OG0000042	STRK1_38190.1	SRDH2_40000.1
OG0000042	STRK1_38200.1, STRK1_38210.1, STRK1_38220.1	SRDH2_101250.1, SRDH2_101200.1, SRDH2_101220.1, SRDH2_101240.1, SRDH2_40020.1, SRDH2_40010.1, SRDH2_40010.2
OG0000043	STRK1_23860.1, STRK1_23860.2	SRDH2_28130.13, SRDH2_28130.11, SRDH2_28130.9, SRDH2_28130.2, SRDH2_28130.5, SRDH2_28130.6, SRDH2_28130.10, SRDH2_28130.7, SRDH2_28130.8, SRDH2_28130.12, SRDH2_28130.14, SRDH2_28130.15, SRDH2_28130.1, SRDH2_28130.3, SRDH2_28130.4
OG0000044	STRK1_83210.1, STRK1_83210.2	SRDH2_88730.1, SRDH2_88720.3, SRDH2_88720.1, SRDH2_88720.2, SRDH2_88720.4, SRDH2_88720.5, SRDH2_88720.6, SRDH2_88720.7, SRDH2_88720.8
OG0000044	STRK1_110250.1, STRK1_83790.1, STRK1_110290.1, STRK1_99090.1, STRK1_110280.1	SRDH2_88700.3, SRDH2_88700.1, SRDH2_88700.2, SRDH2_88700.9, SRDH2_88700.6, SRDH2_88700.4, SRDH2_88700.5, SRDH2_88700.10, SRDH2_88700.7, SRDH2_88700.8
OG0000044	STRK1_83840.1	SRDH2_88690.1, SRDH2_88690.2, SRDH2_88690.3
OG0000048	STRK1_101920.1	SRDH2_101650.1, SRDH2_58870.1, SRDH2_150.1, SRDH2_95860.1, SRDH2_95870.1, SRDH2_57030.1, SRDH2_71960.1, SRDH2_95700.1, SRDH2_95730.1, SRDH2_82840.1, SRDH2_82850.1, SRDH2_82860.1, SRDH2_82880.1, SRDH2_82990.1, SRDH2_100630.1, SRDH2_82780.1, SRDH2_82780.2, SRDH2_21730.1, SRDH2_21740.1, SRDH2_95740.1, SRDH2_99960.1, SRDH2_95690.1, SRDH2_21750.1, SRDH2_82720.1, SRDH2_57020.2, SRDH2_57020.4, SRDH2_57020.1, SRDH2_57020.3, SRDH2_57020.5, SRDH2_46020.1, SRDH2_46030.1, SRDH2_56990.3, SRDH2_56990.2, SRDH2_56990.1, SRDH2_56990.4, SRDH2_23620.1, SRDH2_23630.1, SRDH2_23620.2, SRDH2_95660.1
OG0000049	STRK1_67640.1	SRDH2_71440.3, SRDH2_71440.2, SRDH2_71440.5, SRDH2_71440.6, SRDH2_71440.1, SRDH2_71440.4
OG0000049	STRK1_71350.1	SRDH2_75360.3, SRDH2_75360.4, SRDH2_75360.5, SRDH2_75360.8, SRDH2_75360.1, SRDH2_75360.6, SRDH2_75360.11, SRDH2_75360.7, SRDH2_75360.13, SRDH2_75360.14, SRDH2_75360.15, SRDH2_75360.12, SRDH2_75360.10, SRDH2_75360.9, SRDH2_75360.2
OG0000050	STRK1_51560.1, STRK1_51570.1, STRK1_51570.2	SRDH2_54600.1, SRDH2_54620.6, SRDH2_54620.7, SRDH2_54620.5, SRDH2_54620.10, SRDH2_54620.1, SRDH2_54620.2, SRDH2_54620.4, SRDH2_54620.13, SRDH2_54620.14, SRDH2_54620.12, SRDH2_54620.8, SRDH2_54620.3, SRDH2_54620.11, SRDH2_54620.9
OG0000052	STRK1_27330.1	SRDH2_29050.1
OG0000052	STRK1_16800.1	SRDH2_3320.1
OG0000052	STRK1_440.1	SRDH2_930.1
OG0000052	STRK1_1120.1, STRK1_97400.1	SRDH2_1740.1
OG0000052	STRK1_64820.1, STRK1_108560.1, STRK1_64800.1, STRK1_96430.1	SRDH2_69180.1
OG0000053	STRK1_2330.1	SRDH2_18960.11, SRDH2_18960.7, SRDH2_18960.1, SRDH2_18960.10, SRDH2_18960.3, SRDH2_18960.4, SRDH2_18960.6, SRDH2_18960.8, SRDH2_18960.9, SRDH2_18960.2, SRDH2_18960.5
OG0000054	STRK1_94850.1, STRK1_78190.1, STRK1_3800.1, STRK1_3800.2	SRDH2_41060.1, SRDH2_34600.1, SRDH2_94410.1, SRDH2_94400.1, SRDH2_94410.2, SRDH2_46330.1, SRDH2_46330.2, SRDH2_46330.3, SRDH2_46330.4, SRDH2_46330.5, SRDH2_80260.1, SRDH2_91570.1, SRDH2_91570.2, SRDH2_91570.3, SRDH2_91570.4, SRDH2_84440.1, SRDH2_49560.1, SRDH2_49560.2, SRDH2_49560.3, SRDH2_49560.4, SRDH2_49560.5, SRDH2_49560.6, SRDH2_12950.1
OG0000055	STRK1_66850.1	SRDH2_71170.14, SRDH2_71170.2, SRDH2_71170.3, SRDH2_71170.11, SRDH2_71170.16, SRDH2_71170.13, SRDH2_71170.4, SRDH2_71170.5, SRDH2_71170.6, SRDH2_71170.17, SRDH2_71170.23, SRDH2_71170.21, SRDH2_71190.1, SRDH2_71170.1, SRDH2_71170.10, SRDH2_71170.12, SRDH2_71170.15, SRDH2_71170.19, SRDH2_71170.7, SRDH2_71170.8, SRDH2_71170.9, SRDH2_71170.22, SRDH2_71170.18, SRDH2_71170.20
OG0000058	STRK1_86390.1	SRDH2_92580.1
OG0000058	STRK1_77870.1	SRDH2_82490.2, SRDH2_82490.8, SRDH2_82490.1, SRDH2_82490.3, SRDH2_82490.4, SRDH2_82490.5, SRDH2_82490.6, SRDH2_82490.7, SRDH2_82490.9
OG0000058	STRK1_77680.1	SRDH2_82530.1, SRDH2_82530.2, SRDH2_82530.3, SRDH2_82530.4
OG0000058	STRK1_97370.1, STRK1_100950.1, STRK1_77860.1, STRK1_103520.1, STRK1_77850.1	SRDH2_82480.1, SRDH2_82480.2
OG0000060	STRK1_62570.1, STRK1_62570.2, STRK1_102200.1	SRDH2_65910.12, SRDH2_65910.5, SRDH2_65910.2, SRDH2_65910.13, SRDH2_65910.15, SRDH2_65910.14, SRDH2_65910.4, SRDH2_65910.18, SRDH2_65910.7, SRDH2_65910.1, SRDH2_65910.10, SRDH2_65910.17, SRDH2_65910.8, SRDH2_65910.3, SRDH2_65910.6, SRDH2_65910.11, SRDH2_65910.19, SRDH2_65910.20, SRDH2_65910.21, SRDH2_65910.16, SRDH2_65910.9
OG0000061	STRK1_46950.3, STRK1_46950.1, STRK1_46950.2	SRDH2_53440.17, SRDH2_53440.18, SRDH2_53440.1, SRDH2_53440.13, SRDH2_53440.6, SRDH2_53440.7, SRDH2_53440.15, SRDH2_53440.10, SRDH2_53440.9, SRDH2_53440.14, SRDH2_53440.16, SRDH2_53440.5, SRDH2_53440.8, SRDH2_53440.3, SRDH2_53440.11, SRDH2_53440.12, SRDH2_53440.2, SRDH2_53440.4
OG0000062	STRK1_3690.1, STRK1_3690.2, STRK1_3690.3, STRK1_3690.4, STRK1_3690.6, STRK1_3690.5	SRDH2_6280.19, SRDH2_6280.20, SRDH2_6280.5, SRDH2_6280.11, SRDH2_6280.17, SRDH2_6280.3, SRDH2_6280.10, SRDH2_6280.12, SRDH2_6280.15, SRDH2_6280.16, SRDH2_6280.18, SRDH2_6280.9, SRDH2_6280.2, SRDH2_6280.21, SRDH2_6280.25, SRDH2_6280.6, SRDH2_6280.8, SRDH2_6280.28, SRDH2_6280.1, SRDH2_6280.13, SRDH2_6280.22, SRDH2_6280.24, SRDH2_6280.26, SRDH2_6280.4, SRDH2_6280.7, SRDH2_6280.14, SRDH2_6280.23, SRDH2_6280.27
OG0000064	STRK1_16030.3, STRK1_16030.2, STRK1_16030.4, STRK1_16030.1	SRDH2_4280.5, SRDH2_4280.4, SRDH2_4280.2, SRDH2_4280.6, SRDH2_4280.1, SRDH2_4280.3
OG0000065	STRK1_21210.1	SRDH2_23650.1, SRDH2_101090.2, SRDH2_101090.1, SRDH2_101090.3
OG0000065	STRK1_109970.1, STRK1_109730.2, STRK1_109730.1, STRK1_21710.1, STRK1_21200.1, STRK1_21720.1	SRDH2_23750.1, SRDH2_101080.1, SRDH2_101080.2, SRDH2_101070.1, SRDH2_23740.1
OG0000066	STRK1_27970.1, STRK1_27970.2	SRDH2_37830.1
OG0000067	STRK1_100070.1	SRDH2_68550.1
OG0000068	STRK1_51720.1	SRDH2_54770.2, SRDH2_54770.1
OG0000068	STRK1_90930.1	SRDH2_97980.1
OG0000068	STRK1_31350.1	SRDH2_34150.1, SRDH2_34160.1
OG0000068	STRK1_27380.1	SRDH2_29100.2, SRDH2_29100.1
OG0000069	STRK1_18870.1, STRK1_18930.1, STRK1_18960.1	SRDH2_20980.10, SRDH2_20980.5, SRDH2_20980.4, SRDH2_20980.1, SRDH2_20980.3, SRDH2_20980.6, SRDH2_20980.7, SRDH2_20980.8, SRDH2_20980.11, SRDH2_20980.9, SRDH2_20980.2
OG0000070	STRK1_40150.3, STRK1_40150.4, STRK1_40150.2, STRK1_40150.1	SRDH2_44020.5, SRDH2_44020.10, SRDH2_44020.4, SRDH2_44020.9, SRDH2_44020.11, SRDH2_44020.14, SRDH2_44020.16, SRDH2_44020.17, SRDH2_44020.6, SRDH2_44020.2, SRDH2_44020.7, SRDH2_44020.8, SRDH2_44020.1, SRDH2_44020.3, SRDH2_44020.12, SRDH2_44020.15, SRDH2_44020.13
OG0000071	STRK1_109260.1, STRK1_109260.2, STRK1_27490.1, STRK1_27490.3, STRK1_27490.2	SRDH2_36110.10, SRDH2_36110.12, SRDH2_36110.13, SRDH2_36110.8, SRDH2_36110.14, SRDH2_36110.15, SRDH2_36110.5, SRDH2_36110.6, SRDH2_36110.11, SRDH2_36110.4, SRDH2_36110.9, SRDH2_36110.7, SRDH2_36110.1, SRDH2_36110.2, SRDH2_36110.3
OG0000072	STRK1_86450.1	SRDH2_93200.7, SRDH2_93200.5, SRDH2_93200.8, SRDH2_93200.6, SRDH2_93200.1, SRDH2_93200.2, SRDH2_93200.4, SRDH2_93200.3
OG0000073	STRK1_110660.1, STRK1_54890.1, STRK1_54890.2, STRK1_54890.3	SRDH2_56360.1, SRDH2_56360.3, SRDH2_56360.2, SRDH2_56490.2, SRDH2_56490.1, SRDH2_56490.3, SRDH2_56490.4, SRDH2_56490.5, SRDH2_56490.6
OG0000074	STRK1_88120.1	SRDH2_90830.2, SRDH2_90830.1
OG0000075	STRK1_35140.1, STRK1_35140.2	SRDH2_35860.1, SRDH2_35860.16, SRDH2_35860.18, SRDH2_35860.19, SRDH2_35860.20, SRDH2_35860.5, SRDH2_35860.6, SRDH2_35860.7, SRDH2_35860.8, SRDH2_35860.13, SRDH2_35860.11, SRDH2_35860.2, SRDH2_35860.4, SRDH2_35860.14, SRDH2_35860.3, SRDH2_35860.10, SRDH2_35860.15, SRDH2_35860.17, SRDH2_35860.9, SRDH2_35860.12
OG0000076	STRK1_85230.1, STRK1_85230.2	SRDH2_91960.1
OG0000076	STRK1_16320.1, STRK1_16320.2	SRDH2_3980.1, SRDH2_3980.3, SRDH2_3980.4, SRDH2_3980.2, SRDH2_3980.8, SRDH2_3980.5, SRDH2_3980.6, SRDH2_3980.7
OG0000077	STRK1_10130.1, STRK1_10130.3, STRK1_10130.2	SRDH2_11180.19, SRDH2_11180.22, SRDH2_11180.30, SRDH2_11180.2, SRDH2_11180.29, SRDH2_11180.1, SRDH2_11180.13, SRDH2_11180.14, SRDH2_11180.15, SRDH2_11180.16, SRDH2_11180.18, SRDH2_11180.5, SRDH2_11180.6, SRDH2_11180.9, SRDH2_11180.26, SRDH2_11180.31, SRDH2_11180.28, SRDH2_11180.10, SRDH2_11180.17, SRDH2_11180.3, SRDH2_11180.12, SRDH2_11180.20, SRDH2_11180.21, SRDH2_11180.4, SRDH2_11180.8, SRDH2_11180.7
OG0000078	STRK1_3170.5, STRK1_3170.6, STRK1_3170.7, STRK1_3170.8, STRK1_3170.3, STRK1_3170.1, STRK1_3170.2, STRK1_3170.4	SRDH2_5620.2, SRDH2_5620.3, SRDH2_5620.5, SRDH2_5620.7, SRDH2_5620.4, SRDH2_5620.1, SRDH2_5620.6, SRDH2_5620.8, SRDH2_5620.10, SRDH2_5620.9, SRDH2_5620.11
OG0000079	STRK1_29350.1, STRK1_29350.2	SRDH2_31040.1
OG0000079	STRK1_51780.1, STRK1_51780.2	SRDH2_54820.1
OG0000080	STRK1_39780.1	SRDH2_44420.7, SRDH2_44420.4, SRDH2_44420.6, SRDH2_44420.5, SRDH2_44420.9, SRDH2_44420.2, SRDH2_44420.3, SRDH2_44420.1
OG0000080	STRK1_39760.1, STRK1_39760.2, STRK1_39760.3	SRDH2_44420.8
OG0000082	STRK1_9790.2, STRK1_9790.4, STRK1_9790.5, STRK1_9790.1, STRK1_9790.3	SRDH2_10780.11, SRDH2_10780.12, SRDH2_10780.13, SRDH2_10780.15, SRDH2_10780.18, SRDH2_10780.4, SRDH2_10780.9, SRDH2_10780.7, SRDH2_10780.1, SRDH2_10780.10, SRDH2_10780.14, SRDH2_10780.2, SRDH2_10780.3, SRDH2_10780.5, SRDH2_10780.6, SRDH2_10780.8, SRDH2_10780.16, SRDH2_10780.17
OG0000083	STRK1_77560.1, STRK1_77560.2	SRDH2_30000.1, SRDH2_9700.1, SRDH2_102220.1, SRDH2_79800.1
OG0000085	STRK1_31220.1, STRK1_31220.2	SRDH2_34030.12, SRDH2_34030.16, SRDH2_34030.20, SRDH2_34030.21, SRDH2_34030.1, SRDH2_34030.10, SRDH2_34030.11, SRDH2_34030.13, SRDH2_34030.14, SRDH2_34030.17, SRDH2_34030.2, SRDH2_34030.23, SRDH2_34030.6, SRDH2_34030.7, SRDH2_34030.8, SRDH2_34030.9, SRDH2_34030.4, SRDH2_34030.15, SRDH2_34030.18, SRDH2_34030.19, SRDH2_34030.22, SRDH2_34030.3, SRDH2_34030.5, SRDH2_34030.24
OG0000086	STRK1_71670.1, STRK1_71670.2	SRDH2_75060.1, SRDH2_75060.3, SRDH2_75060.9, SRDH2_75060.12, SRDH2_75060.14, SRDH2_75060.15, SRDH2_75060.13, SRDH2_75060.16, SRDH2_75060.5, SRDH2_75060.8, SRDH2_75060.10, SRDH2_75060.11, SRDH2_75060.7, SRDH2_75060.17, SRDH2_75060.2, SRDH2_75060.4, SRDH2_75060.6
OG0000087	STRK1_47250.7, STRK1_47250.5, STRK1_47250.1, STRK1_47250.2, STRK1_47250.6, STRK1_47250.3, STRK1_47250.4	SRDH2_53130.2, SRDH2_53130.4, SRDH2_53130.3, SRDH2_53130.7, SRDH2_53130.6, SRDH2_53130.1, SRDH2_53130.5
OG0000088	STRK1_17030.1	SRDH2_3180.1
OG0000088	STRK1_17040.1, STRK1_17040.2	SRDH2_3170.1, SRDH2_3170.2, SRDH2_3170.3
OG0000090	STRK1_49240.1	SRDH2_50750.1, SRDH2_50750.4, SRDH2_50750.7, SRDH2_50750.6, SRDH2_50750.10, SRDH2_50750.3, SRDH2_50750.8, SRDH2_50750.9, SRDH2_50750.2, SRDH2_50750.5
OG0000091	STRK1_45930.4, STRK1_45930.1, STRK1_45930.2, STRK1_45930.3, STRK1_45930.5	SRDH2_48630.15, SRDH2_48630.4, SRDH2_48630.14, SRDH2_48630.2, SRDH2_48630.9, SRDH2_48630.6, SRDH2_48630.7, SRDH2_48630.8, SRDH2_48630.3, SRDH2_48630.11, SRDH2_48630.16, SRDH2_48630.1, SRDH2_48630.5, SRDH2_48630.12, SRDH2_48630.10, SRDH2_48630.13
OG0000092	STRK1_1440.1, STRK1_1440.2, STRK1_95560.1, STRK1_1440.3, STRK1_1440.4	SRDH2_2270.6, SRDH2_2270.2, SRDH2_2270.1, SRDH2_2270.3, SRDH2_2270.4, SRDH2_2270.5
OG0000092	STRK1_8500.1, STRK1_8500.2	SRDH2_15150.2, SRDH2_15150.6, SRDH2_15150.1, SRDH2_15150.3, SRDH2_15150.4, SRDH2_15150.5
OG0000093	STRK1_38460.1	SRDH2_40310.1
OG0000093	STRK1_97970.1, STRK1_100710.1, STRK1_102120.1	SRDH2_100050.3, SRDH2_100060.1, SRDH2_100050.2, SRDH2_100040.1, SRDH2_100050.1
OG0000094	STRK1_12440.10, STRK1_12440.8, STRK1_12440.9, STRK1_12440.1, STRK1_12440.2, STRK1_12440.3, STRK1_12440.7, STRK1_12440.6, STRK1_12440.4, STRK1_12440.5	SRDH2_8770.1, SRDH2_8770.2, SRDH2_8770.3, SRDH2_8770.4, SRDH2_8770.5, SRDH2_8770.8, SRDH2_8770.9, SRDH2_8770.7, SRDH2_8770.6
OG0000095	STRK1_60680.1	SRDH2_63030.1, SRDH2_63030.4, SRDH2_63030.5, SRDH2_63030.6, SRDH2_63030.11, SRDH2_63030.8, SRDH2_63030.9, SRDH2_63030.10, SRDH2_63030.7, SRDH2_63030.2, SRDH2_63030.3
OG0000096	STRK1_36430.3, STRK1_36430.1, STRK1_36430.2	SRDH2_32910.7, SRDH2_32910.12, SRDH2_32910.3, SRDH2_32910.9, SRDH2_32910.11, SRDH2_32910.13, SRDH2_32910.10, SRDH2_32910.8, SRDH2_32910.4, SRDH2_32910.2, SRDH2_32910.1, SRDH2_32910.5, SRDH2_32910.6
OG0000097	STRK1_15600.5, STRK1_15600.1, STRK1_15600.2, STRK1_15600.4, STRK1_15600.3	SRDH2_7020.2, SRDH2_7020.1, SRDH2_7020.3, SRDH2_7020.4, SRDH2_7020.5
OG0000098	STRK1_64600.1, STRK1_64590.1	SRDH2_69360.12, SRDH2_69360.9, SRDH2_69360.13, SRDH2_69360.11, SRDH2_69360.14, SRDH2_69360.6, SRDH2_69360.7, SRDH2_69360.2, SRDH2_69360.5, SRDH2_69360.1, SRDH2_69360.4, SRDH2_69360.3, SRDH2_69360.10, SRDH2_69360.8
OG0000099	STRK1_66130.1, STRK1_104580.1, STRK1_66160.2	SRDH2_68410.6
OG0000099	STRK1_69780.1, STRK1_69670.1, STRK1_69680.1	SRDH2_73740.1
OG0000102	STRK1_3550.1, STRK1_3550.2	SRDH2_6050.1
OG0000102	STRK1_56260.1	SRDH2_60210.6, SRDH2_60210.4, SRDH2_60210.7, SRDH2_60210.1, SRDH2_60210.2, SRDH2_60210.3, SRDH2_60210.5
OG0000103	STRK1_75520.1, STRK1_75520.2	SRDH2_76030.13, SRDH2_76030.6, SRDH2_76030.11, SRDH2_76030.14, SRDH2_76030.15, SRDH2_76030.16, SRDH2_76030.5, SRDH2_76030.17, SRDH2_76030.3, SRDH2_76030.18, SRDH2_76030.1, SRDH2_76030.8, SRDH2_76030.9, SRDH2_76030.19, SRDH2_76030.4, SRDH2_76030.12, SRDH2_76030.10, SRDH2_76030.2, SRDH2_76030.7
OG0000104	STRK1_3670.1, STRK1_3670.2	SRDH2_6230.1, SRDH2_6200.1, SRDH2_6200.16, SRDH2_6200.17, SRDH2_6200.2, SRDH2_6200.3, SRDH2_6200.4, SRDH2_6200.5, SRDH2_6200.7, SRDH2_6200.8, SRDH2_6200.15, SRDH2_6200.13, SRDH2_6200.14, SRDH2_6200.10, SRDH2_6200.11, SRDH2_6200.12, SRDH2_6200.9, SRDH2_6200.6
OG0000105	STRK1_13170.1	SRDH2_7880.13, SRDH2_7910.4, SRDH2_7880.1, SRDH2_7880.10, SRDH2_7880.11, SRDH2_7880.19, SRDH2_7880.4, SRDH2_7880.5, SRDH2_7880.6, SRDH2_7880.7, SRDH2_7880.8, SRDH2_7880.9, SRDH2_7880.15, SRDH2_7880.12, SRDH2_7880.17, SRDH2_7880.16, SRDH2_7880.14, SRDH2_7880.18, SRDH2_7880.3, SRDH2_7880.2, SRDH2_7910.1, SRDH2_7910.3, SRDH2_7910.2
OG0000106	STRK1_102100.1	SRDH2_75440.1, SRDH2_75460.1, SRDH2_75460.2, SRDH2_75450.1
OG0000107	STRK1_49750.1	SRDH2_57800.1
OG0000107	STRK1_49760.1	SRDH2_50150.1, SRDH2_52080.1
OG0000108	STRK1_12570.1, STRK1_12570.2	SRDH2_8600.10, SRDH2_8600.11, SRDH2_8600.12, SRDH2_8600.13, SRDH2_8600.9, SRDH2_8600.7, SRDH2_8600.3, SRDH2_8600.2, SRDH2_8600.5, SRDH2_8600.6, SRDH2_8600.4, SRDH2_8600.8, SRDH2_8600.1
OG0000110	STRK1_30120.1	SRDH2_30270.1
OG0000110	STRK1_30150.1	SRDH2_30240.1
OG0000110	STRK1_30110.1	SRDH2_30280.1
OG0000110	STRK1_30100.1, STRK1_30100.2	SRDH2_30290.3, SRDH2_30290.1, SRDH2_30290.2
OG0000111	STRK1_46420.1	SRDH2_54050.1
OG0000111	STRK1_32480.1, STRK1_32510.1	SRDH2_31530.1, SRDH2_31540.1
OG0000112	STRK1_94100.3, STRK1_94100.4, STRK1_94100.2, STRK1_94100.1	SRDH2_86040.1
OG0000114	STRK1_91030.1, STRK1_91030.2	SRDH2_97870.1, SRDH2_97870.2, SRDH2_97870.3, SRDH2_97870.4, SRDH2_97870.5, SRDH2_97870.6, SRDH2_97870.7
OG0000115	STRK1_28410.1	SRDH2_34280.2, SRDH2_34280.10, SRDH2_34280.5, SRDH2_34280.7, SRDH2_34280.9, SRDH2_34280.3, SRDH2_34280.6, SRDH2_34280.1, SRDH2_34280.12, SRDH2_34280.13, SRDH2_34280.4, SRDH2_34280.8, SRDH2_34280.11
OG0000116	STRK1_49070.1, STRK1_49070.5, STRK1_49070.4, STRK1_49070.6, STRK1_49070.3, STRK1_49070.2	SRDH2_50930.2, SRDH2_50930.5, SRDH2_50930.7, SRDH2_50930.3, SRDH2_50930.4, SRDH2_50930.8, SRDH2_50930.15, SRDH2_50930.16, SRDH2_50930.11, SRDH2_50930.12, SRDH2_50930.14, SRDH2_50930.10, SRDH2_50930.6, SRDH2_50930.9, SRDH2_50930.1, SRDH2_50930.13
OG0000117	STRK1_30040.1	SRDH2_30390.1
OG0000118	STRK1_37870.1	SRDH2_39660.1, SRDH2_39670.1
OG0000118	STRK1_109120.1, STRK1_37860.1	SRDH2_39610.2, SRDH2_39610.4, SRDH2_39610.3, SRDH2_39610.1
OG0000118	STRK1_109130.1, STRK1_37850.1	SRDH2_39640.1, SRDH2_39640.2, SRDH2_39650.1, SRDH2_39620.1
OG0000119	STRK1_93140.1, STRK1_93140.2, STRK1_93110.2, STRK1_93110.1, STRK1_54960.1, STRK1_93100.1, STRK1_93110.4, STRK1_93110.6, STRK1_93110.3, STRK1_93110.8, STRK1_93110.5, STRK1_93110.7	SRDH2_98760.1, SRDH2_98760.6, SRDH2_98760.4, SRDH2_98760.7, SRDH2_98760.2, SRDH2_98760.5, SRDH2_98760.3, SRDH2_98770.1
OG0000120	STRK1_29960.1, STRK1_29960.3, STRK1_29960.2, STRK1_29960.4	SRDH2_30480.1
OG0000122	STRK1_78300.3, STRK1_78300.1, STRK1_78300.2	SRDH2_82460.1
OG0000123	STRK1_73130.1, STRK1_73130.2	SRDH2_80470.1
OG0000125	STRK1_105470.3, STRK1_105470.1, STRK1_105470.2, STRK1_99670.1	SRDH2_1420.1
OG0000126	STRK1_68690.1	SRDH2_74920.2, SRDH2_74920.4, SRDH2_74920.3, SRDH2_74920.7, SRDH2_74920.1, SRDH2_74920.5, SRDH2_74920.6
OG0000127	STRK1_21170.3, STRK1_21170.1, STRK1_21170.2	SRDH2_95890.1, SRDH2_23600.1, SRDH2_99930.11, SRDH2_99930.14, SRDH2_99930.5, SRDH2_99930.2, SRDH2_99930.7, SRDH2_99930.8, SRDH2_99930.10, SRDH2_99930.12, SRDH2_99930.13, SRDH2_99930.15, SRDH2_99930.3, SRDH2_99930.9, SRDH2_99930.1, SRDH2_99930.16, SRDH2_99930.6, SRDH2_99930.4, SRDH2_23590.1
OG0000128	STRK1_40900.1, STRK1_40900.3, STRK1_40900.2	SRDH2_43330.11, SRDH2_43330.12, SRDH2_43330.13, SRDH2_43330.2, SRDH2_43330.3, SRDH2_43330.5, SRDH2_43330.6, SRDH2_43330.9, SRDH2_43330.10, SRDH2_43330.7, SRDH2_43330.8, SRDH2_43330.1, SRDH2_43330.4
OG0000129	STRK1_6050.1, STRK1_31510.1, STRK1_31510.2	SRDH2_36300.7, SRDH2_36300.8, SRDH2_36300.9, SRDH2_36300.2, SRDH2_36300.6, SRDH2_36300.1, SRDH2_36300.3, SRDH2_36300.5, SRDH2_36300.4
OG0000130	STRK1_79420.1, STRK1_79420.2	SRDH2_84310.24, SRDH2_84310.1, SRDH2_84310.18, SRDH2_84310.19, SRDH2_84310.21, SRDH2_84310.20, SRDH2_84310.4, SRDH2_84310.2, SRDH2_84310.5, SRDH2_84310.7, SRDH2_84310.22, SRDH2_84310.23, SRDH2_84310.12, SRDH2_84310.10, SRDH2_84310.9, SRDH2_84310.15, SRDH2_84310.16, SRDH2_84310.17, SRDH2_84310.11, SRDH2_84310.13, SRDH2_84310.14, SRDH2_84310.3, SRDH2_84310.6, SRDH2_84310.8
OG0000131	STRK1_12320.1	SRDH2_8900.5, SRDH2_8900.1, SRDH2_8900.3, SRDH2_8900.6, SRDH2_8900.7, SRDH2_8900.2, SRDH2_8900.4
OG0000131	STRK1_12290.1	SRDH2_8950.1
OG0000131	STRK1_83820.1, STRK1_83830.1, STRK1_83850.1, STRK1_83860.1	SRDH2_88710.1
OG0000132	STRK1_36280.1, STRK1_36280.2	SRDH2_33100.10, SRDH2_33100.8, SRDH2_33100.9, SRDH2_33100.4, SRDH2_33100.12, SRDH2_33100.1, SRDH2_33100.11, SRDH2_33100.13, SRDH2_33100.15, SRDH2_33100.16, SRDH2_33100.3, SRDH2_33100.5, SRDH2_33100.7, SRDH2_33100.14, SRDH2_33100.6, SRDH2_33100.23, SRDH2_33100.21, SRDH2_33100.2, SRDH2_33100.22, SRDH2_33100.24, SRDH2_33100.20, SRDH2_33100.17, SRDH2_33100.18, SRDH2_33100.19
OG0000133	STRK1_32070.1	SRDH2_36890.3, SRDH2_36890.6, SRDH2_36890.7, SRDH2_36890.8, SRDH2_36890.1, SRDH2_36890.2, SRDH2_36890.4, SRDH2_36890.5, SRDH2_36890.9, SRDH2_78770.1, SRDH2_36890.10, SRDH2_36890.12, SRDH2_36890.11
OG0000134	STRK1_18540.1	SRDH2_20730.1, SRDH2_20730.2, SRDH2_20730.3
OG0000135	STRK1_11780.3, STRK1_11780.4, STRK1_11780.1, STRK1_11780.2	SRDH2_15340.2, SRDH2_15340.4, SRDH2_15340.1, SRDH2_15340.3
OG0000136	STRK1_7170.1	SRDH2_7550.8, SRDH2_7550.5, SRDH2_7550.2, SRDH2_7550.4, SRDH2_7550.7, SRDH2_7550.3, SRDH2_7550.10, SRDH2_7550.9, SRDH2_7550.13, SRDH2_7550.11, SRDH2_7550.12, SRDH2_7550.6, SRDH2_7550.1
OG0000137	STRK1_41450.1	SRDH2_42390.1
OG0000137	STRK1_41430.1, STRK1_41430.2	SRDH2_42400.1, SRDH2_42400.2
OG0000137	STRK1_41510.1	SRDH2_42350.1
OG0000137	STRK1_41480.1, STRK1_41490.1	SRDH2_42370.1
OG0000137	STRK1_41470.1	SRDH2_42380.1
OG0000138	STRK1_84500.1	SRDH2_89830.3, SRDH2_89830.2, SRDH2_89830.4, SRDH2_89830.1
OG0000138	STRK1_42170.1	SRDH2_45390.1
OG0000139	STRK1_16260.1	SRDH2_4050.1, SRDH2_4050.2, SRDH2_4050.3, SRDH2_4050.4, SRDH2_4050.5, SRDH2_4050.6, SRDH2_4050.7
OG0000140	STRK1_76070.1, STRK1_76070.3, STRK1_76070.2	SRDH2_77970.1
OG0000142	STRK1_18420.1	SRDH2_20580.1
OG0000142	STRK1_18430.1, STRK1_18430.2	SRDH2_20590.1, SRDH2_20600.1
OG0000142	STRK1_18440.1, STRK1_18460.1	SRDH2_20610.1, SRDH2_20620.1, SRDH2_20630.1
OG0000143	STRK1_65800.1	SRDH2_70240.1, SRDH2_70250.1, SRDH2_70200.1
OG0000143	STRK1_65810.1, STRK1_65820.1	SRDH2_70190.1, SRDH2_70220.1, SRDH2_70210.1
OG0000144	STRK1_48850.1	SRDH2_55700.1, SRDH2_55700.2, SRDH2_55700.3, SRDH2_55700.4
OG0000144	STRK1_24000.1	SRDH2_28020.2, SRDH2_28020.4, SRDH2_28020.3, SRDH2_28020.1
OG0000144	STRK1_52920.1, STRK1_52940.1	SRDH2_56920.1
OG0000145	STRK1_34490.1, STRK1_34490.2, STRK1_34500.1	SRDH2_35180.1, SRDH2_35180.2
OG0000146	STRK1_86910.1	SRDH2_94240.1
OG0000146	STRK1_53240.1	SRDH2_58100.1
OG0000146	STRK1_36770.2, STRK1_36770.1, STRK1_36770.3	SRDH2_29490.2, SRDH2_29490.1
OG0000146	STRK1_45220.1	SRDH2_48020.1
OG0000147	STRK1_30920.1	SRDH2_33690.7, SRDH2_33690.1, SRDH2_33690.2, SRDH2_33690.3, SRDH2_33690.4, SRDH2_33690.5, SRDH2_33690.6, SRDH2_33690.8
OG0000148	STRK1_32430.1	SRDH2_31590.20, SRDH2_31590.19, SRDH2_31590.25, SRDH2_31590.23, SRDH2_31590.26, SRDH2_31590.24, SRDH2_31590.11, SRDH2_31590.6, SRDH2_31590.9, SRDH2_31590.12, SRDH2_31590.7, SRDH2_31590.10, SRDH2_31590.3, SRDH2_31590.4, SRDH2_31590.8, SRDH2_31590.1, SRDH2_31590.2, SRDH2_31590.5, SRDH2_31590.22, SRDH2_31590.27, SRDH2_31590.28, SRDH2_31590.13, SRDH2_31590.16, SRDH2_31590.17, SRDH2_31590.14, SRDH2_31590.15, SRDH2_31590.18, SRDH2_31590.29, SRDH2_31590.21, SRDH2_31590.30
OG0000149	STRK1_51730.1, STRK1_51730.2	SRDH2_54780.11, SRDH2_54780.9, SRDH2_54780.1, SRDH2_54780.5, SRDH2_54780.7, SRDH2_54780.2, SRDH2_54780.8, SRDH2_54780.12, SRDH2_54780.3, SRDH2_54780.6, SRDH2_54780.10, SRDH2_54780.4
OG0000151	STRK1_64060.1, STRK1_101510.3, STRK1_101510.2, STRK1_101510.1	SRDH2_65190.6, SRDH2_65190.9, SRDH2_65190.11, SRDH2_65190.2, SRDH2_65190.3, SRDH2_65190.4, SRDH2_65190.5, SRDH2_65190.8, SRDH2_65190.1, SRDH2_65190.10, SRDH2_65190.7
OG0000152	STRK1_50880.1, STRK1_76160.1, STRK1_10370.1, STRK1_10370.2, STRK1_10370.3	SRDH2_11450.7, SRDH2_11450.11, SRDH2_11450.9, SRDH2_11450.1, SRDH2_11450.2, SRDH2_11450.3, SRDH2_11450.4, SRDH2_11450.10, SRDH2_11450.6, SRDH2_11450.8, SRDH2_11450.5
OG0000153	STRK1_105080.1	SRDH2_50850.1
OG0000153	STRK1_52110.1	SRDH2_51780.2, SRDH2_51780.3, SRDH2_51780.1
OG0000154	STRK1_2400.1, STRK1_2400.2, STRK1_2400.3	SRDH2_18900.6, SRDH2_18900.7, SRDH2_18900.3, SRDH2_18900.4, SRDH2_18900.5, SRDH2_18900.8, SRDH2_18900.2, SRDH2_18900.11, SRDH2_18900.10, SRDH2_18900.9, SRDH2_18900.1, SRDH2_18900.12
OG0000155	STRK1_28100.2, STRK1_28100.3, STRK1_28090.1, STRK1_28100.1	SRDH2_37970.1
OG0000156	STRK1_18130.1	SRDH2_20350.2, SRDH2_20350.1
OG0000156	STRK1_18120.1	SRDH2_20340.1
OG0000157	STRK1_65550.1	SRDH2_63350.1
OG0000157	STRK1_40030.1	SRDH2_44190.2, SRDH2_44190.1
OG0000157	STRK1_90020.1, STRK1_90030.1	SRDH2_97750.1, SRDH2_97750.2, SRDH2_97750.3
OG0000158	STRK1_3150.1, STRK1_3150.3, STRK1_3150.2, STRK1_3150.4	SRDH2_5590.14, SRDH2_5590.10, SRDH2_5590.6, SRDH2_5590.8, SRDH2_5590.3, SRDH2_5590.1, SRDH2_5590.12, SRDH2_5590.9, SRDH2_5590.13, SRDH2_5590.2, SRDH2_5590.5, SRDH2_5590.4, SRDH2_5590.11, SRDH2_5590.7
OG0000159	STRK1_59740.1	SRDH2_63790.1
OG0000160	STRK1_5090.1, STRK1_5070.1	SRDH2_12220.13, SRDH2_12220.11, SRDH2_12220.1, SRDH2_12220.2, SRDH2_12220.12, SRDH2_12220.8, SRDH2_12220.9, SRDH2_12220.4, SRDH2_12220.5, SRDH2_12220.10, SRDH2_12220.6, SRDH2_12220.3, SRDH2_12220.7, SRDH2_12220.14
OG0000161	STRK1_35710.10, STRK1_35710.11, STRK1_35710.13, STRK1_35710.14, STRK1_35710.8, STRK1_35710.9, STRK1_35710.15, STRK1_35710.1, STRK1_35710.12, STRK1_35710.2, STRK1_35710.3, STRK1_35710.4, STRK1_35710.5, STRK1_35710.6, STRK1_35710.7	SRDH2_32350.1, SRDH2_32350.6, SRDH2_32350.2, SRDH2_32350.7, SRDH2_32350.4, SRDH2_32350.3, SRDH2_32350.5
OG0000164	STRK1_60530.1	SRDH2_62870.1
OG0000164	STRK1_73910.1	SRDH2_79160.1
OG0000164	STRK1_55190.1	SRDH2_56640.1
OG0000164	STRK1_29660.1	SRDH2_30720.1
OG0000165	STRK1_63320.1	SRDH2_66120.10, SRDH2_66120.12, SRDH2_66120.15, SRDH2_66120.16, SRDH2_66120.3, SRDH2_66120.5, SRDH2_66120.7, SRDH2_66120.1, SRDH2_66120.11, SRDH2_66120.13, SRDH2_66120.2, SRDH2_66120.8, SRDH2_66120.9, SRDH2_66120.14, SRDH2_66120.4, SRDH2_66120.6
OG0000166	STRK1_84550.1	SRDH2_89890.1, SRDH2_89890.2, SRDH2_89890.3, SRDH2_89870.1, SRDH2_89870.4, SRDH2_89870.5, SRDH2_89870.2, SRDH2_89870.9, SRDH2_89870.3, SRDH2_89870.6, SRDH2_89870.7, SRDH2_89870.8
OG0000167	STRK1_74200.2, STRK1_102190.1, STRK1_102190.2, STRK1_74200.1, STRK1_74200.3, STRK1_97390.1, STRK1_97390.2	SRDH2_76740.1, SRDH2_76740.4, SRDH2_76740.2, SRDH2_76740.10, SRDH2_76740.3, SRDH2_76740.5, SRDH2_76740.6, SRDH2_76740.7, SRDH2_76740.8, SRDH2_76740.9
OG0000168	STRK1_1710.1, STRK1_1710.2, STRK1_1710.3, STRK1_1710.4, STRK1_1710.5, STRK1_1330.1, STRK1_1340.1, STRK1_1720.1, STRK1_1720.2	SRDH2_1920.1, SRDH2_1910.2, SRDH2_1910.1
OG0000169	STRK1_97570.1	SRDH2_44290.2, SRDH2_44290.3, SRDH2_44290.4, SRDH2_44290.5, SRDH2_44290.1
OG0000169	STRK1_90390.1	SRDH2_97500.1
OG0000170	STRK1_68620.1, STRK1_68630.1, STRK1_97100.1	SRDH2_74990.1
OG0000171	STRK1_59140.1	SRDH2_76910.1, SRDH2_56740.1, SRDH2_79790.1, SRDH2_22650.1, SRDH2_64670.1, SRDH2_84320.1, SRDH2_71760.1, SRDH2_13990.1, SRDH2_22670.1, SRDH2_7250.1, SRDH2_58490.1, SRDH2_26730.1, SRDH2_64410.1, SRDH2_64420.1, SRDH2_84430.1, SRDH2_101860.1
OG0000172	STRK1_3970.1	SRDH2_19280.25, SRDH2_19280.14, SRDH2_19280.12, SRDH2_19280.11, SRDH2_19280.15, SRDH2_19280.21, SRDH2_19280.20, SRDH2_19280.19, SRDH2_19280.4, SRDH2_19280.10, SRDH2_19280.1, SRDH2_19280.6, SRDH2_19280.18, SRDH2_19280.5, SRDH2_19280.24, SRDH2_19280.23, SRDH2_19280.22, SRDH2_19280.3, SRDH2_19280.16, SRDH2_19280.7, SRDH2_19280.9, SRDH2_19280.8, SRDH2_19280.17, SRDH2_19280.2, SRDH2_19280.13
OG0000173	STRK1_80280.1	SRDH2_84740.3, SRDH2_84740.1, SRDH2_84740.4, SRDH2_84740.2, SRDH2_84740.6, SRDH2_84740.5
OG0000175	STRK1_39380.1	SRDH2_41580.1
OG0000175	STRK1_39370.1	SRDH2_41570.1
OG0000175	STRK1_39360.1	SRDH2_41560.1
OG0000175	STRK1_39350.1	SRDH2_41550.1, SRDH2_41550.2, SRDH2_41550.3
OG0000176	STRK1_44100.1, STRK1_83020.1, STRK1_21670.1, STRK1_65730.1	SRDH2_67960.1, SRDH2_7670.1, SRDH2_12980.1, SRDH2_78900.1, SRDH2_83070.1, SRDH2_7700.1, SRDH2_41360.1, SRDH2_64840.1, SRDH2_54110.1, SRDH2_47800.1, SRDH2_85240.1, SRDH2_87550.1
OG0000177	STRK1_56270.2, STRK1_56270.3, STRK1_56270.4, STRK1_56270.5, STRK1_102550.1, STRK1_56270.1	SRDH2_60330.13, SRDH2_60330.4, SRDH2_60330.9, SRDH2_60330.17, SRDH2_60330.16, SRDH2_60330.19, SRDH2_60330.1, SRDH2_60330.6, SRDH2_60330.5, SRDH2_60330.2, SRDH2_60330.10, SRDH2_60330.12, SRDH2_60330.15, SRDH2_60330.18, SRDH2_60330.8, SRDH2_60330.7, SRDH2_60330.14, SRDH2_60330.3, SRDH2_60330.11
OG0000178	STRK1_26540.1, STRK1_26540.3, STRK1_26540.2	SRDH2_26600.26, SRDH2_26600.22, SRDH2_26600.21, SRDH2_26600.23, SRDH2_26600.25, SRDH2_26600.24, SRDH2_26600.20, SRDH2_26600.15, SRDH2_26600.3, SRDH2_26600.17, SRDH2_26600.2, SRDH2_26600.12, SRDH2_26600.1, SRDH2_26600.11, SRDH2_26600.14, SRDH2_26600.18, SRDH2_26600.8, SRDH2_26600.10, SRDH2_26600.13, SRDH2_26600.16, SRDH2_26600.6, SRDH2_26600.7, SRDH2_26600.9, SRDH2_26600.4, SRDH2_26600.5, SRDH2_26600.19
OG0000179	STRK1_53790.1	SRDH2_57290.1
OG0000179	STRK1_53800.1	SRDH2_57280.1, SRDH2_57280.6, SRDH2_57280.7, SRDH2_57280.2, SRDH2_57280.3, SRDH2_57280.4, SRDH2_57280.5
OG0000180	STRK1_79000.1, STRK1_79000.2, STRK1_95040.1, STRK1_95040.2, STRK1_79010.1, STRK1_95050.1, STRK1_95060.1, STRK1_78990.1, STRK1_78980.1, STRK1_78980.2, STRK1_78990.2, STRK1_78990.3, STRK1_78990.4	SRDH2_82910.1
OG0000182	STRK1_55980.1	SRDH2_59230.1, SRDH2_59230.2
OG0000182	STRK1_36970.1	SRDH2_29260.1
OG0000183	STRK1_33950.3, STRK1_33950.1, STRK1_33950.2	SRDH2_34610.11, SRDH2_34610.3, SRDH2_34610.1, SRDH2_34610.10, SRDH2_34610.9, SRDH2_34610.8, SRDH2_34610.4, SRDH2_34610.7, SRDH2_34610.6, SRDH2_34610.5, SRDH2_34610.2
OG0000184	STRK1_49380.1, STRK1_49340.1, STRK1_49330.1, STRK1_49350.1	SRDH2_50650.1
OG0000184	STRK1_49320.1	SRDH2_50670.1
OG0000185	STRK1_34010.1	SRDH2_34710.3, SRDH2_34710.6, SRDH2_34710.1, SRDH2_34710.7, SRDH2_34710.5, SRDH2_34710.2, SRDH2_34710.4
OG0000186	STRK1_70010.1	SRDH2_73450.13, SRDH2_73450.7, SRDH2_73450.9, SRDH2_73450.6, SRDH2_73450.5, SRDH2_73450.2, SRDH2_73450.4, SRDH2_73450.1, SRDH2_73450.3, SRDH2_73450.11, SRDH2_73450.12, SRDH2_73450.10, SRDH2_73450.8
OG0000187	STRK1_46740.1	SRDH2_53660.1
OG0000188	STRK1_31940.1	SRDH2_36770.10, SRDH2_36770.13, SRDH2_36770.14, SRDH2_36770.15, SRDH2_36770.16, SRDH2_36770.12, SRDH2_36770.23, SRDH2_36770.6, SRDH2_36770.4, SRDH2_36770.5, SRDH2_36770.24, SRDH2_36770.9, SRDH2_36770.7, SRDH2_36770.8, SRDH2_36770.22, SRDH2_36770.20, SRDH2_36770.17, SRDH2_36770.11, SRDH2_36770.1, SRDH2_36770.2, SRDH2_36770.3, SRDH2_36770.19, SRDH2_36770.18, SRDH2_36770.21
OG0000189	STRK1_6200.1, STRK1_6200.6, STRK1_6200.9, STRK1_6200.2, STRK1_6200.3, STRK1_6200.4, STRK1_6200.5, STRK1_6200.11, STRK1_6200.8, STRK1_6200.13, STRK1_6200.12, STRK1_6200.10, STRK1_6200.7	SRDH2_6760.1
OG0000190	STRK1_46160.1, STRK1_46160.2	SRDH2_54250.1, SRDH2_54270.1, SRDH2_54270.4, SRDH2_54270.5, SRDH2_54270.6, SRDH2_54270.2, SRDH2_54270.9, SRDH2_54270.10, SRDH2_54270.3, SRDH2_54270.7, SRDH2_54270.8
OG0000191	STRK1_33090.1	SRDH2_31790.1
OG0000191	STRK1_33020.1, STRK1_33020.2, STRK1_33020.3	SRDH2_31860.1
OG0000191	STRK1_33080.1	SRDH2_31800.1
OG0000192	STRK1_64420.1	SRDH2_64580.1
OG0000193	STRK1_55830.1	SRDH2_59720.2, SRDH2_59720.4, SRDH2_59720.3, SRDH2_59720.1, SRDH2_59720.6, SRDH2_59720.7, SRDH2_59720.8, SRDH2_59720.5, SRDH2_59710.1, SRDH2_59710.4, SRDH2_59710.2, SRDH2_59710.3
OG0000194	STRK1_74260.1	SRDH2_76680.1
OG0000195	STRK1_50680.1, STRK1_50680.2	SRDH2_49400.8, SRDH2_49400.1, SRDH2_49400.3, SRDH2_49400.4, SRDH2_49400.6, SRDH2_49400.7, SRDH2_49400.9, SRDH2_49400.5, SRDH2_49400.10, SRDH2_49400.11, SRDH2_49400.12, SRDH2_49400.2
OG0000196	STRK1_2310.1, STRK1_87510.1	SRDH2_93650.1
OG0000196	STRK1_11370.1	SRDH2_13050.1, SRDH2_13050.3, SRDH2_13050.2
OG0000196	STRK1_10040.2	SRDH2_11050.1
OG0000196	STRK1_10040.1, STRK1_10040.3	SRDH2_11050.3
OG0000197	STRK1_36760.1	SRDH2_29500.3, SRDH2_29500.10, SRDH2_29500.13, SRDH2_29500.8, SRDH2_29500.11, SRDH2_29500.12, SRDH2_29500.9, SRDH2_29500.4, SRDH2_29500.15, SRDH2_29500.1, SRDH2_29500.5, SRDH2_29500.6, SRDH2_29500.2, SRDH2_29500.14, SRDH2_29500.7
OG0000198	STRK1_99590.1, STRK1_24300.1	SRDH2_25080.1
OG0000199	STRK1_31630.1, STRK1_31630.2	SRDH2_36430.9, SRDH2_36430.11, SRDH2_36430.6, SRDH2_36430.13, SRDH2_36430.8, SRDH2_36430.3, SRDH2_36430.12, SRDH2_36430.5, SRDH2_36430.10, SRDH2_36430.14, SRDH2_36430.15, SRDH2_36430.7, SRDH2_36430.1, SRDH2_36430.2, SRDH2_36430.4
OG0000201	STRK1_106540.1, STRK1_38650.1, STRK1_106550.1, STRK1_106550.2	SRDH2_40690.1
OG0000202	STRK1_49150.1	SRDH2_50830.2, SRDH2_50830.4, SRDH2_50830.1, SRDH2_50830.3
OG0000203	STRK1_79300.3, STRK1_79300.2, STRK1_79300.1	SRDH2_84400.1
OG0000204	STRK1_83880.1, STRK1_83920.1	SRDH2_89480.1
OG0000204	STRK1_83900.1, STRK1_83910.1	SRDH2_89500.1, SRDH2_89510.1, SRDH2_89520.1, SRDH2_89530.1, SRDH2_89470.1
OG0000204	STRK1_83950.1	SRDH2_89460.1
OG0000204	STRK1_83890.1	SRDH2_89490.1
OG0000205	STRK1_2090.1	SRDH2_19150.5, SRDH2_19150.6, SRDH2_19150.8, SRDH2_19150.10, SRDH2_19150.2, SRDH2_19150.3, SRDH2_19150.4, SRDH2_19150.7, SRDH2_19150.1, SRDH2_19150.9
OG0000206	STRK1_35690.6, STRK1_35690.2	SRDH2_32330.10, SRDH2_32330.11, SRDH2_32330.9
OG0000206	STRK1_35690.4, STRK1_35690.5	SRDH2_32330.1, SRDH2_32330.8
OG0000207	STRK1_36180.1	SRDH2_33190.1
OG0000207	STRK1_36170.1	SRDH2_33200.1
OG0000208	STRK1_70670.1	SRDH2_72790.1
OG0000209	STRK1_12090.7, STRK1_12090.2, STRK1_12090.3, STRK1_12090.4, STRK1_12090.5, STRK1_12090.6, STRK1_12090.1	SRDH2_9170.1, SRDH2_9170.3, SRDH2_9170.2, SRDH2_9170.4
OG0000210	STRK1_82580.1, STRK1_82590.1	SRDH2_87740.4, SRDH2_87740.1, SRDH2_87740.3, SRDH2_87740.2
OG0000211	STRK1_6370.1	SRDH2_7010.11, SRDH2_7010.8, SRDH2_7010.17, SRDH2_7010.13, SRDH2_7010.4, SRDH2_7010.9, SRDH2_7010.1, SRDH2_7010.5, SRDH2_7010.6, SRDH2_7010.7, SRDH2_7010.3, SRDH2_7010.2, SRDH2_7010.15, SRDH2_7010.12, SRDH2_7010.14, SRDH2_7010.10, SRDH2_7010.16
OG0000212	STRK1_22730.1	SRDH2_25790.6, SRDH2_25790.12, SRDH2_25790.3, SRDH2_25790.8, SRDH2_25790.15, SRDH2_25790.13, SRDH2_25790.1, SRDH2_25790.10, SRDH2_25790.14, SRDH2_25790.2, SRDH2_25790.4, SRDH2_25790.5, SRDH2_25790.7, SRDH2_25790.9, SRDH2_25790.11
OG0000213	STRK1_3000.1	SRDH2_16220.1, SRDH2_16220.2, SRDH2_16220.3, SRDH2_16220.4, SRDH2_16220.5, SRDH2_16220.6
OG0000214	STRK1_6400.1, STRK1_6400.2, STRK1_6400.5, STRK1_6400.4, STRK1_6400.3	SRDH2_4730.2, SRDH2_4730.12, SRDH2_4730.3, SRDH2_4730.11, SRDH2_4730.13, SRDH2_4730.15, SRDH2_4730.1, SRDH2_4730.10, SRDH2_4730.6, SRDH2_4730.7, SRDH2_4730.8, SRDH2_4730.14, SRDH2_4730.5, SRDH2_4730.4, SRDH2_4730.9, SRDH2_4730.16
OG0000216	STRK1_45300.1, STRK1_57560.1	SRDH2_4030.1, SRDH2_54410.1, SRDH2_15600.1
OG0000217	STRK1_31410.1, STRK1_31420.1	SRDH2_36200.1, SRDH2_36200.2
OG0000218	STRK1_14420.1	SRDH2_17190.1, SRDH2_17180.1
OG0000219	STRK1_61660.1	SRDH2_61890.1
OG0000220	STRK1_96360.1, STRK1_75400.1, STRK1_75400.2	SRDH2_75890.1
OG0000221	STRK1_9390.1, STRK1_9390.2	SRDH2_10340.2, SRDH2_10340.3, SRDH2_10340.1
OG0000221	STRK1_17630.1	SRDH2_2540.1, SRDH2_2540.2
OG0000222	STRK1_72970.1, STRK1_72970.2	SRDH2_78240.6, SRDH2_78240.7, SRDH2_78240.17, SRDH2_78240.5, SRDH2_78240.15, SRDH2_78240.18, SRDH2_78240.13, SRDH2_78240.25, SRDH2_78240.12, SRDH2_78240.19, SRDH2_78240.4, SRDH2_78240.9, SRDH2_78240.10, SRDH2_78240.2, SRDH2_78240.20, SRDH2_78240.27, SRDH2_78240.3, SRDH2_78240.23, SRDH2_78240.29, SRDH2_78240.28, SRDH2_78240.1, SRDH2_78240.11, SRDH2_78240.22, SRDH2_78240.21, SRDH2_78240.8, SRDH2_78240.16, SRDH2_78240.14, SRDH2_78240.24, SRDH2_78240.26
OG0000223	STRK1_9570.1	SRDH2_10550.1, SRDH2_10550.2, SRDH2_10550.7, SRDH2_10550.3, SRDH2_10550.4, SRDH2_10550.5, SRDH2_10550.6, SRDH2_10550.8, SRDH2_10550.9
OG0000224	STRK1_3630.1, STRK1_3630.2, STRK1_3630.3	SRDH2_6120.6, SRDH2_6150.11, SRDH2_6150.12, SRDH2_6150.3, SRDH2_6150.4, SRDH2_6150.13, SRDH2_6120.1, SRDH2_6120.2, SRDH2_6120.3, SRDH2_6120.5, SRDH2_6120.7, SRDH2_6150.1, SRDH2_6150.6, SRDH2_6150.7, SRDH2_6150.8, SRDH2_6150.9, SRDH2_6150.2, SRDH2_6120.4, SRDH2_6150.5, SRDH2_6150.10
OG0000225	STRK1_17080.1	SRDH2_3130.4, SRDH2_3130.2, SRDH2_3130.3, SRDH2_3130.6, SRDH2_3130.11, SRDH2_3130.12, SRDH2_3130.7, SRDH2_3130.8, SRDH2_3130.9, SRDH2_3130.10, SRDH2_3130.1, SRDH2_3130.5
OG0000226	STRK1_110110.1, STRK1_111280.1, STRK1_36050.1	SRDH2_32740.13, SRDH2_32740.7, SRDH2_32740.3, SRDH2_32740.10, SRDH2_32740.9, SRDH2_32740.14, SRDH2_32740.15, SRDH2_32740.16, SRDH2_32740.11, SRDH2_32740.12, SRDH2_32740.8, SRDH2_32740.21, SRDH2_32740.20, SRDH2_32740.22, SRDH2_32740.18, SRDH2_32740.19, SRDH2_32740.17, SRDH2_32740.4, SRDH2_32740.5, SRDH2_32740.6, SRDH2_32740.1, SRDH2_32740.2
OG0000227	STRK1_105550.1, STRK1_67030.1	SRDH2_71030.1
OG0000228	STRK1_37190.1	SRDH2_42420.1
OG0000229	STRK1_57310.1, STRK1_57310.2	SRDH2_60710.20, SRDH2_60710.12, SRDH2_60710.8, SRDH2_60710.9, SRDH2_60710.7, SRDH2_60710.10, SRDH2_60710.11, SRDH2_60710.17, SRDH2_60710.14, SRDH2_60710.26, SRDH2_60710.22, SRDH2_60710.4, SRDH2_60710.19, SRDH2_60710.3, SRDH2_60710.13, SRDH2_60710.15, SRDH2_60710.1, SRDH2_60710.21, SRDH2_60710.18, SRDH2_60710.16, SRDH2_60710.6, SRDH2_60710.5, SRDH2_60710.28, SRDH2_60710.27, SRDH2_60710.23, SRDH2_60710.25, SRDH2_60710.24, SRDH2_60710.2
OG0000230	STRK1_64230.1, STRK1_64230.2	SRDH2_64810.1
OG0000231	STRK1_110380.1, STRK1_50370.1, STRK1_50380.1	SRDH2_49600.3, SRDH2_49600.4, SRDH2_49600.1, SRDH2_49600.2, SRDH2_49580.1
OG0000231	STRK1_110160.1	SRDH2_49550.1
OG0000232	STRK1_99690.1, STRK1_83240.1, STRK1_83250.1, STRK1_83250.2, STRK1_106480.1, STRK1_83260.1, STRK1_99680.1, STRK1_83320.1, STRK1_83330.1, STRK1_89390.1, STRK1_95940.1, STRK1_110620.1, STRK1_89380.1, STRK1_110630.1, STRK1_109600.1, STRK1_109620.1, STRK1_109610.1, STRK1_67560.3, STRK1_67560.1, STRK1_67560.2, STRK1_106670.1	SRDH2_100610.1, SRDH2_100230.1, SRDH2_100230.2, SRDH2_100230.3, SRDH2_100230.4, SRDH2_100230.5, SRDH2_45100.1, SRDH2_88770.1, SRDH2_100250.1, SRDH2_100260.1
OG0000234	STRK1_32720.1, STRK1_100400.1, STRK1_100400.2	SRDH2_38510.1, SRDH2_38510.3, SRDH2_38510.4, SRDH2_38510.5, SRDH2_38510.6, SRDH2_38510.2
OG0000235	STRK1_16390.1, STRK1_16390.2	SRDH2_3910.11, SRDH2_3910.12, SRDH2_3910.5, SRDH2_3910.2, SRDH2_3910.6, SRDH2_3910.1, SRDH2_3910.7, SRDH2_3910.9, SRDH2_3910.8, SRDH2_3910.10, SRDH2_3910.3, SRDH2_3910.4, SRDH2_3910.13
OG0000236	STRK1_48030.1	SRDH2_55310.13, SRDH2_55310.14, SRDH2_55310.16, SRDH2_55310.6, SRDH2_55310.11, SRDH2_55310.15, SRDH2_55310.12, SRDH2_55310.4, SRDH2_55310.10, SRDH2_55310.3, SRDH2_55310.8, SRDH2_55310.1, SRDH2_55310.2, SRDH2_55310.5, SRDH2_55310.7, SRDH2_55310.9
OG0000237	STRK1_46580.1, STRK1_46580.2	SRDH2_53830.5, SRDH2_53830.15, SRDH2_53830.16, SRDH2_53830.12, SRDH2_53830.6, SRDH2_53830.18, SRDH2_53830.3, SRDH2_53830.4, SRDH2_53830.8, SRDH2_53830.1, SRDH2_53830.13, SRDH2_53830.2, SRDH2_53830.7, SRDH2_53830.19, SRDH2_53830.10, SRDH2_53830.9, SRDH2_53830.11, SRDH2_53830.14, SRDH2_53830.17
OG0000238	STRK1_33370.1	SRDH2_37340.1, SRDH2_37340.2, SRDH2_37340.3, SRDH2_37340.4, SRDH2_37340.7, SRDH2_37340.5, SRDH2_37340.9, SRDH2_37340.8, SRDH2_37340.6
OG0000239	STRK1_25400.1	SRDH2_27740.1, SRDH2_27740.2, SRDH2_27740.3
OG0000239	STRK1_82380.1, STRK1_96300.1, STRK1_111340.1, STRK1_82370.1	SRDH2_87950.1
OG0000240	STRK1_36510.1	SRDH2_29810.4, SRDH2_29810.1, SRDH2_29810.22, SRDH2_29810.25, SRDH2_29810.26, SRDH2_29810.28, SRDH2_29810.18, SRDH2_29810.24, SRDH2_29810.27, SRDH2_29810.6
OG0000240	STRK1_36510.2	SRDH2_29810.10, SRDH2_29810.11, SRDH2_29810.12, SRDH2_29810.13, SRDH2_29810.14, SRDH2_29810.17, SRDH2_29810.20, SRDH2_29810.21, SRDH2_29810.29, SRDH2_29810.3, SRDH2_29810.5, SRDH2_29810.23, SRDH2_29810.16, SRDH2_29810.9, SRDH2_29810.15, SRDH2_29810.19, SRDH2_29810.7, SRDH2_29810.8, SRDH2_29810.2, SRDH2_29810.30
OG0000241	STRK1_22340.1	SRDH2_24200.4, SRDH2_24200.6, SRDH2_24200.5, SRDH2_24200.1, SRDH2_24200.2, SRDH2_24200.3
OG0000242	STRK1_7310.1	SRDH2_7690.1
OG0000243	STRK1_15380.2, STRK1_15380.5, STRK1_15380.3, STRK1_15380.4, STRK1_15380.1	SRDH2_5350.13, SRDH2_5350.12, SRDH2_5350.8, SRDH2_5350.10, SRDH2_5350.3, SRDH2_5350.7, SRDH2_5350.6, SRDH2_5350.9, SRDH2_5350.1, SRDH2_5350.11, SRDH2_5350.4, SRDH2_5350.2, SRDH2_5350.5
OG0000244	STRK1_5740.1	SRDH2_101830.2, SRDH2_101830.1, SRDH2_101830.3, SRDH2_6210.6, SRDH2_6220.1, SRDH2_101830.4, SRDH2_6210.1, SRDH2_6210.2, SRDH2_6210.5, SRDH2_6210.3, SRDH2_6210.4, SRDH2_6240.1
OG0000245	STRK1_2610.1, STRK1_2610.2, STRK1_2620.1	SRDH2_18690.1
OG0000246	STRK1_110700.1	SRDH2_84410.1
OG0000247	STRK1_6610.2, STRK1_6610.1, STRK1_6610.3, STRK1_96250.1	SRDH2_4940.1, SRDH2_4940.2, SRDH2_4940.3, SRDH2_4940.10, SRDH2_4940.11, SRDH2_4940.12, SRDH2_4940.9, SRDH2_4940.7, SRDH2_4940.8, SRDH2_4940.6, SRDH2_4940.13, SRDH2_4940.5, SRDH2_4940.15, SRDH2_4940.4, SRDH2_4940.16, SRDH2_4940.17, SRDH2_4940.14
OG0000248	STRK1_62100.3, STRK1_62100.4, STRK1_62100.1, STRK1_62100.2	SRDH2_67370.3, SRDH2_67370.1, SRDH2_67370.4, SRDH2_67370.2
OG0000249	STRK1_3790.1	SRDH2_19500.5, SRDH2_19500.7, SRDH2_19500.9, SRDH2_19500.2, SRDH2_19500.8, SRDH2_19500.3, SRDH2_19500.10, SRDH2_19500.1, SRDH2_19500.6, SRDH2_19500.4
OG0000250	STRK1_38330.1, STRK1_99630.1, STRK1_99640.1	SRDH2_40150.14, SRDH2_40150.13, SRDH2_40150.10, SRDH2_40150.11, SRDH2_40150.17, SRDH2_40150.9, SRDH2_40150.8, SRDH2_40150.6, SRDH2_40150.3, SRDH2_40150.7, SRDH2_40150.1, SRDH2_40150.2, SRDH2_40150.4, SRDH2_40150.12, SRDH2_40150.5, SRDH2_40150.16, SRDH2_40150.15
OG0000251	STRK1_76350.1, STRK1_76350.2	SRDH2_80630.2, SRDH2_80630.1, SRDH2_80630.3, SRDH2_80630.6, SRDH2_80630.5, SRDH2_80630.7, SRDH2_80630.4
OG0000252	STRK1_41280.1, STRK1_41280.2	SRDH2_39290.1
OG0000253	STRK1_4200.1	SRDH2_18420.1
OG0000254	STRK1_8800.2, STRK1_8800.5, STRK1_8800.1, STRK1_8800.3, STRK1_8790.1, STRK1_8800.4	SRDH2_9450.1, SRDH2_9450.2, SRDH2_9450.5, SRDH2_9450.7, SRDH2_9450.4, SRDH2_9450.6, SRDH2_9450.3
OG0000255	STRK1_27350.1	SRDH2_29070.1
OG0000256	STRK1_43030.1, STRK1_43030.3, STRK1_43030.2	SRDH2_45510.1
OG0000257	STRK1_26610.1, STRK1_26610.2, STRK1_26610.3, STRK1_26610.4	SRDH2_26510.5, SRDH2_26510.4, SRDH2_26510.1, SRDH2_26510.2, SRDH2_26510.6, SRDH2_26510.8, SRDH2_26510.3, SRDH2_26510.7, SRDH2_26510.9
OG0000259	STRK1_26930.1	SRDH2_26460.16, SRDH2_26460.17, SRDH2_26460.13, SRDH2_26460.7, SRDH2_26460.2, SRDH2_26460.5, SRDH2_26460.1, SRDH2_26460.6, SRDH2_26460.9, SRDH2_26460.10, SRDH2_26460.14, SRDH2_26460.11, SRDH2_26460.12, SRDH2_26460.15, SRDH2_26460.3, SRDH2_26460.8, SRDH2_26460.18, SRDH2_26460.4
OG0000260	STRK1_20550.1	SRDH2_22280.1
OG0000261	STRK1_68260.4, STRK1_68260.2, STRK1_68260.1, STRK1_68260.3	SRDH2_71680.1
OG0000262	STRK1_29090.1, STRK1_29090.2	SRDH2_31280.12, SRDH2_31280.14, SRDH2_31280.8, SRDH2_31280.3, SRDH2_31280.1, SRDH2_31280.2, SRDH2_31280.4, SRDH2_31280.5, SRDH2_31280.6, SRDH2_31280.7, SRDH2_31280.13, SRDH2_31280.11, SRDH2_31280.9, SRDH2_31280.10, SRDH2_31280.15
OG0000263	STRK1_58480.1	SRDH2_68090.2, SRDH2_68090.3, SRDH2_68090.4, SRDH2_68090.1, SRDH2_68090.5, SRDH2_68090.7, SRDH2_68090.6
OG0000264	STRK1_82020.1	SRDH2_88160.1
OG0000264	STRK1_82030.1	SRDH2_88150.1, SRDH2_88150.2
OG0000264	STRK1_99780.1	SRDH2_4960.5, SRDH2_4960.2, SRDH2_4960.3, SRDH2_4960.4, SRDH2_4960.1
OG0000266	STRK1_79400.1	SRDH2_84300.1
OG0000267	STRK1_78620.1, STRK1_78620.2	SRDH2_83460.1, SRDH2_83460.4, SRDH2_83460.2, SRDH2_83460.3
OG0000268	STRK1_69760.1	SRDH2_73810.1
OG0000268	STRK1_12950.1	SRDH2_8180.1
OG0000269	STRK1_16300.1	SRDH2_102370.1, SRDH2_102370.2, SRDH2_4000.1, SRDH2_4000.10, SRDH2_4000.2, SRDH2_4000.3, SRDH2_4000.4, SRDH2_4000.5, SRDH2_4000.7, SRDH2_4000.8, SRDH2_4000.9, SRDH2_4000.6
OG0000270	STRK1_25920.1, STRK1_25920.5, STRK1_25920.6, STRK1_25920.2, STRK1_25920.3, STRK1_25920.4	SRDH2_27250.1, SRDH2_27250.2, SRDH2_27250.4, SRDH2_27250.3
OG0000271	STRK1_52250.1	SRDH2_51950.1
OG0000272	STRK1_4830.1, STRK1_4830.2, STRK1_4830.4, STRK1_4830.3	SRDH2_15410.3, SRDH2_15410.2, SRDH2_15410.1
OG0000273	STRK1_7040.1, STRK1_7050.1	SRDH2_7390.1, SRDH2_7390.2, SRDH2_7380.1, SRDH2_7410.1
OG0000274	STRK1_76560.5, STRK1_76560.3, STRK1_76560.4, STRK1_76560.1, STRK1_76560.2	SRDH2_82020.1
OG0000275	STRK1_33550.1	SRDH2_37470.13, SRDH2_37470.2, SRDH2_37470.10, SRDH2_37470.17, SRDH2_37470.18, SRDH2_37470.11, SRDH2_37470.5, SRDH2_37470.15, SRDH2_37470.6, SRDH2_37470.7, SRDH2_37470.4, SRDH2_37470.12, SRDH2_37470.14, SRDH2_37470.1, SRDH2_37470.8, SRDH2_37470.3, SRDH2_37470.9, SRDH2_37470.19, SRDH2_37470.16
OG0000276	STRK1_71710.1	SRDH2_72520.6, SRDH2_72520.3, SRDH2_72520.4, SRDH2_72520.7, SRDH2_72520.5, SRDH2_72520.2, SRDH2_72520.1
OG0000277	STRK1_89530.1, STRK1_89530.2, STRK1_89530.3	SRDH2_95570.1
OG0000278	STRK1_18780.1	SRDH2_59240.1, SRDH2_6000.1
OG0000281	STRK1_81070.1	SRDH2_86370.13, SRDH2_86490.1
OG0000281	STRK1_15090.1	SRDH2_16400.1, SRDH2_16400.2, SRDH2_16400.3, SRDH2_16410.1
OG0000281	STRK1_15770.1	SRDH2_4550.1
OG0000282	STRK1_48760.1, STRK1_48760.2	SRDH2_55780.11, SRDH2_55780.1, SRDH2_55780.10, SRDH2_55780.14, SRDH2_55780.5, SRDH2_55780.6, SRDH2_55780.7, SRDH2_55780.9, SRDH2_55780.12, SRDH2_55780.13, SRDH2_55780.3, SRDH2_55780.2, SRDH2_55780.4, SRDH2_55780.8
OG0000283	STRK1_60510.1, STRK1_60510.2, STRK1_60500.1, STRK1_60950.1, STRK1_60960.1	SRDH2_62850.11, SRDH2_62850.1, SRDH2_62850.7, SRDH2_62850.8, SRDH2_62850.5, SRDH2_62850.4, SRDH2_62850.2, SRDH2_62850.3, SRDH2_62850.6, SRDH2_62850.9, SRDH2_62850.10
OG0000284	STRK1_37300.1, STRK1_37300.2	SRDH2_42570.1
OG0000285	STRK1_31040.1, STRK1_31040.2	SRDH2_33810.13, SRDH2_33810.14, SRDH2_33810.10, SRDH2_33810.11, SRDH2_33810.12, SRDH2_33810.9, SRDH2_33810.1, SRDH2_33810.2, SRDH2_33810.3, SRDH2_33810.4, SRDH2_33810.5, SRDH2_33810.7, SRDH2_33810.8, SRDH2_33810.6
OG0000286	STRK1_37690.1	SRDH2_42960.1
OG0000286	STRK1_37650.3, STRK1_37650.1, STRK1_37650.2	SRDH2_42930.1
OG0000287	STRK1_71740.1, STRK1_71740.2, STRK1_71740.3	SRDH2_72560.6, SRDH2_72560.3, SRDH2_72560.4, SRDH2_72560.5, SRDH2_72560.7, SRDH2_72560.1, SRDH2_72560.2
OG0000288	STRK1_84080.1	SRDH2_90470.7, SRDH2_90470.2, SRDH2_90470.1, SRDH2_90470.3, SRDH2_90470.6, SRDH2_90470.4, SRDH2_90470.5
OG0000289	STRK1_14180.1, STRK1_14180.3, STRK1_14180.2	SRDH2_17440.10, SRDH2_17440.3, SRDH2_17440.1, SRDH2_17440.11, SRDH2_17440.2, SRDH2_17440.5, SRDH2_17440.7, SRDH2_17440.4, SRDH2_17440.12, SRDH2_17440.6, SRDH2_17440.8, SRDH2_17440.9
OG0000290	STRK1_25340.1, STRK1_25340.2	SRDH2_27820.1, SRDH2_27820.5, SRDH2_27820.4, SRDH2_27820.3, SRDH2_27820.2
OG0000290	STRK1_20740.1, STRK1_20740.2	SRDH2_22140.1
OG0000291	STRK1_4320.1	SRDH2_18510.5, SRDH2_18510.1, SRDH2_18510.4, SRDH2_18510.2, SRDH2_18510.3, SRDH2_18510.6
OG0000292	STRK1_27610.3, STRK1_27610.6, STRK1_27610.5, STRK1_27610.1, STRK1_27610.2, STRK1_27610.4	SRDH2_38320.1
OG0000293	STRK1_23670.1	SRDH2_28350.1
OG0000293	STRK1_59880.1	SRDH2_62210.3, SRDH2_62210.1
OG0000294	STRK1_16350.1, STRK1_16350.2	SRDH2_130.1, SRDH2_130.4, SRDH2_130.6, SRDH2_130.5, SRDH2_130.10, SRDH2_130.13, SRDH2_130.7, SRDH2_130.11, SRDH2_130.12, SRDH2_130.3, SRDH2_130.2, SRDH2_130.8, SRDH2_130.9, SRDH2_3950.9, SRDH2_3950.3, SRDH2_3950.5, SRDH2_3950.6, SRDH2_3950.2, SRDH2_3950.4, SRDH2_3950.1, SRDH2_3950.7, SRDH2_3950.8, SRDH2_3950.10, SRDH2_3950.12, SRDH2_3950.13, SRDH2_3950.11
OG0000295	STRK1_103260.1	SRDH2_89620.1, SRDH2_89590.1, SRDH2_89600.1, SRDH2_89610.1, SRDH2_89610.2, SRDH2_89610.3, SRDH2_89610.4
OG0000295	STRK1_83870.1	SRDH2_89570.2, SRDH2_89570.1
OG0000296	STRK1_8690.2, STRK1_8690.4, STRK1_8690.9, STRK1_8690.10, STRK1_8690.5, STRK1_8690.7, STRK1_8690.6, STRK1_8690.8, STRK1_8700.1, STRK1_8690.1, STRK1_8690.3	SRDH2_9550.1, SRDH2_9550.3, SRDH2_9550.2, SRDH2_9560.2, SRDH2_9560.1
OG0000297	STRK1_76660.1	SRDH2_81420.5, SRDH2_81420.1, SRDH2_81420.6, SRDH2_81420.3, SRDH2_81420.2, SRDH2_81420.8, SRDH2_81420.7, SRDH2_81420.10, SRDH2_81420.9, SRDH2_81420.4
OG0000298	STRK1_40640.1	SRDH2_43590.1, SRDH2_43590.2
OG0000298	STRK1_99160.1	SRDH2_44790.1, SRDH2_44790.2
OG0000299	STRK1_58170.1	SRDH2_61700.20, SRDH2_61700.21, SRDH2_61700.14, SRDH2_61700.15, SRDH2_61700.16, SRDH2_61700.17, SRDH2_61700.18, SRDH2_61700.19, SRDH2_61700.22, SRDH2_61700.23, SRDH2_61700.1, SRDH2_61700.10, SRDH2_61700.11, SRDH2_61700.12, SRDH2_61700.13, SRDH2_61700.2, SRDH2_61700.3, SRDH2_61700.4, SRDH2_61700.5, SRDH2_61700.6, SRDH2_61700.7, SRDH2_61700.8, SRDH2_61700.9
OG0000300	STRK1_10620.1, STRK1_10620.2, STRK1_10620.3	SRDH2_11620.14, SRDH2_11620.13, SRDH2_11620.8, SRDH2_11620.21, SRDH2_11620.3, SRDH2_11620.5, SRDH2_11620.10, SRDH2_11620.15, SRDH2_11620.16, SRDH2_11620.1, SRDH2_11620.4, SRDH2_11620.6, SRDH2_11620.11, SRDH2_11620.12, SRDH2_11620.17, SRDH2_11620.18, SRDH2_11620.19, SRDH2_11620.2, SRDH2_11620.7, SRDH2_11620.9, SRDH2_11620.20
OG0000301	STRK1_74980.1, STRK1_74980.2	SRDH2_79830.1, SRDH2_79830.7, SRDH2_79830.2, SRDH2_79830.3, SRDH2_79830.4, SRDH2_79830.8, SRDH2_79830.5, SRDH2_79830.6
OG0000302	STRK1_57360.1, STRK1_57360.2, STRK1_57360.3	SRDH2_60580.31, SRDH2_60580.15, SRDH2_60580.23, SRDH2_60580.3, SRDH2_60580.19, SRDH2_60580.28, SRDH2_60580.16, SRDH2_60580.11, SRDH2_60580.26, SRDH2_60580.27, SRDH2_60580.20, SRDH2_60580.18, SRDH2_60580.17, SRDH2_60580.22, SRDH2_60580.29, SRDH2_60580.30, SRDH2_60580.12, SRDH2_60580.10, SRDH2_60580.7, SRDH2_60580.21, SRDH2_60580.25, SRDH2_60580.6, SRDH2_60580.5, SRDH2_60580.8, SRDH2_60580.4, SRDH2_60580.13, SRDH2_60580.14, SRDH2_60580.9
OG0000303	STRK1_4940.1, STRK1_4940.2	SRDH2_12420.1, SRDH2_12430.1
OG0000304	STRK1_8000.1, STRK1_8000.2, STRK1_8000.3	SRDH2_14620.3, SRDH2_14620.1, SRDH2_14620.4, SRDH2_14620.5, SRDH2_14620.7, SRDH2_14620.6, SRDH2_14620.2
OG0000305	STRK1_46100.1	SRDH2_54340.3, SRDH2_54340.1, SRDH2_54340.2
OG0000306	STRK1_7470.1	SRDH2_7870.1
OG0000307	STRK1_6030.1, STRK1_105410.1, STRK1_6020.1	SRDH2_6690.1, SRDH2_6690.2
OG0000307	STRK1_87110.1, STRK1_80540.1	SRDH2_93970.1
OG0000308	STRK1_32670.1	SRDH2_31380.1, SRDH2_620.1, SRDH2_620.2, SRDH2_620.3, SRDH2_610.1
OG0000310	STRK1_110000.1, STRK1_29000.1, STRK1_98240.1	SRDH2_38540.4, SRDH2_38540.3, SRDH2_38540.5, SRDH2_38540.2, SRDH2_38540.1
OG0000311	STRK1_3950.1	SRDH2_19270.14, SRDH2_19270.5, SRDH2_19270.6, SRDH2_19270.15, SRDH2_19270.4, SRDH2_19270.2, SRDH2_19270.3, SRDH2_19270.13, SRDH2_19270.12, SRDH2_19270.9, SRDH2_19270.1, SRDH2_19270.10, SRDH2_19270.7, SRDH2_19270.8, SRDH2_19270.11
OG0000312	STRK1_33980.1	SRDH2_34660.6, SRDH2_34660.8, SRDH2_34660.9, SRDH2_34660.10, SRDH2_34660.11, SRDH2_34660.12, SRDH2_34660.4, SRDH2_34660.3, SRDH2_34660.2, SRDH2_34660.7, SRDH2_34660.1, SRDH2_34660.5
OG0000313	STRK1_4880.1, STRK1_4880.2	SRDH2_15380.12, SRDH2_15380.1, SRDH2_15380.10, SRDH2_15380.3, SRDH2_15380.13, SRDH2_15380.14, SRDH2_15380.11, SRDH2_15380.2, SRDH2_15380.4, SRDH2_15380.5, SRDH2_15380.6, SRDH2_15380.7, SRDH2_15380.8, SRDH2_15380.9
OG0000314	STRK1_33380.1	SRDH2_37330.2, SRDH2_37330.8, SRDH2_37330.17, SRDH2_37330.13, SRDH2_37330.6, SRDH2_37330.20, SRDH2_37330.19, SRDH2_37330.18, SRDH2_37330.5, SRDH2_37330.3, SRDH2_37330.12, SRDH2_37330.1, SRDH2_37330.10, SRDH2_37330.11, SRDH2_37330.9, SRDH2_37330.14, SRDH2_37330.15, SRDH2_37330.16, SRDH2_37330.4, SRDH2_37330.7
OG0000315	STRK1_34570.1, STRK1_34570.2, STRK1_34570.3	SRDH2_35260.1
OG0000315	STRK1_62060.1, STRK1_62060.2	SRDH2_67300.1, SRDH2_67300.2
OG0000316	STRK1_2600.4, STRK1_2600.2, STRK1_2600.3, STRK1_2600.1	SRDH2_18670.7, SRDH2_18670.8, SRDH2_18670.2, SRDH2_18670.3, SRDH2_18670.4, SRDH2_18670.10, SRDH2_18670.5, SRDH2_18670.6, SRDH2_18670.9, SRDH2_18670.1
OG0000317	STRK1_850.1	SRDH2_1410.1
OG0000318	STRK1_50180.1, STRK1_50180.2	SRDH2_49870.10, SRDH2_49870.3, SRDH2_49870.2, SRDH2_49870.5, SRDH2_49870.1, SRDH2_49870.8, SRDH2_49870.9, SRDH2_49870.4, SRDH2_49870.11, SRDH2_49870.12, SRDH2_49870.6, SRDH2_49870.7
OG0000319	STRK1_35360.1, STRK1_35360.2, STRK1_35360.3	SRDH2_38380.1, SRDH2_38380.2, SRDH2_38380.3
OG0000320	STRK1_18610.1	SRDH2_20810.1
OG0000320	STRK1_30360.1, STRK1_30360.2, STRK1_30360.3	SRDH2_29950.1, SRDH2_29950.2
OG0000320	STRK1_54950.1	SRDH2_56540.1, SRDH2_56540.2
OG0000321	STRK1_33670.1, STRK1_33670.2, STRK1_33670.3	SRDH2_37600.27, SRDH2_37600.18, SRDH2_37600.16, SRDH2_37600.13, SRDH2_37600.19, SRDH2_37600.20, SRDH2_37600.25, SRDH2_37600.15, SRDH2_37600.17, SRDH2_37600.22, SRDH2_37600.24, SRDH2_37600.5, SRDH2_37600.6, SRDH2_37600.7, SRDH2_37600.8, SRDH2_37600.9, SRDH2_37600.11, SRDH2_37600.3, SRDH2_37600.1, SRDH2_37600.10, SRDH2_37600.12, SRDH2_37600.14, SRDH2_37600.2, SRDH2_37600.21, SRDH2_37600.23, SRDH2_37600.26, SRDH2_37600.4
OG0000322	STRK1_23800.1	SRDH2_28230.1
OG0000323	STRK1_108650.1, STRK1_1080.4, STRK1_1080.3, STRK1_1080.6, STRK1_1080.5, STRK1_1080.2, STRK1_1080.1, STRK1_101620.1, STRK1_1070.1	SRDH2_1690.1, SRDH2_1700.1
OG0000324	STRK1_49820.1	SRDH2_50220.1
OG0000325	STRK1_77730.1, STRK1_77730.2	SRDH2_82580.9, SRDH2_82580.10, SRDH2_82580.11, SRDH2_82580.14, SRDH2_82580.17, SRDH2_82580.7, SRDH2_82580.16, SRDH2_82580.2, SRDH2_82580.12, SRDH2_82580.15, SRDH2_82580.3, SRDH2_82580.4, SRDH2_82580.5, SRDH2_82580.6, SRDH2_82580.13, SRDH2_82580.8, SRDH2_82580.1
OG0000326	STRK1_57480.1	SRDH2_61070.6, SRDH2_61070.4, SRDH2_61070.1, SRDH2_61070.2, SRDH2_61070.7, SRDH2_61070.3, SRDH2_61070.5
OG0000327	STRK1_68400.1, STRK1_68410.1	SRDH2_71840.1
OG0000328	STRK1_27160.1	SRDH2_28900.6, SRDH2_28900.5, SRDH2_28900.3, SRDH2_28900.1, SRDH2_28900.2, SRDH2_28900.4
OG0000329	STRK1_5220.1	SRDH2_13470.1, SRDH2_13470.2, SRDH2_13470.3, SRDH2_13470.4
OG0000332	STRK1_106830.2, STRK1_106830.1, STRK1_63230.1, STRK1_63230.3, STRK1_63230.2, STRK1_63230.4	SRDH2_66660.2, SRDH2_66660.3, SRDH2_66660.6, SRDH2_66660.7, SRDH2_66660.8, SRDH2_66660.5, SRDH2_66660.9, SRDH2_66660.1, SRDH2_66660.4
OG0000333	STRK1_5710.1	SRDH2_6300.1
OG0000334	STRK1_73690.1, STRK1_73690.2	SRDH2_76340.1
OG0000334	STRK1_73680.1	SRDH2_76330.1
OG0000335	STRK1_17750.1, STRK1_17760.1, STRK1_17770.1, STRK1_17780.1	SRDH2_2460.10, SRDH2_2460.12, SRDH2_2460.1, SRDH2_2460.2, SRDH2_2460.3, SRDH2_2460.4, SRDH2_2460.5, SRDH2_2460.6, SRDH2_2460.7, SRDH2_2460.8, SRDH2_2460.11, SRDH2_2460.13, SRDH2_2460.14, SRDH2_2460.9
OG0000336	STRK1_15820.1, STRK1_15830.1	SRDH2_4500.11, SRDH2_4500.7, SRDH2_4500.8, SRDH2_4500.2, SRDH2_4500.9, SRDH2_4500.10, SRDH2_4500.3, SRDH2_4500.4, SRDH2_4500.5, SRDH2_4500.6, SRDH2_4500.1
OG0000336	STRK1_4180.1, STRK1_4180.2	SRDH2_18400.1, SRDH2_18400.2, SRDH2_18400.3
OG0000337	STRK1_51530.1	SRDH2_54550.1, SRDH2_54550.2
OG0000337	STRK1_30640.1, STRK1_30640.2, STRK1_30640.3, STRK1_30640.4, STRK1_30640.5	SRDH2_33410.1
OG0000339	STRK1_29490.1	SRDH2_30880.12, SRDH2_30880.13, SRDH2_30880.19, SRDH2_30880.6, SRDH2_30880.16, SRDH2_30880.14, SRDH2_30880.20, SRDH2_30880.21, SRDH2_30880.11, SRDH2_30880.17, SRDH2_30880.7, SRDH2_30880.2, SRDH2_30880.8, SRDH2_30880.4, SRDH2_30880.3, SRDH2_30880.15, SRDH2_30880.1, SRDH2_30880.10, SRDH2_30880.18, SRDH2_30880.9, SRDH2_30880.5
OG0000340	STRK1_92470.3	SRDH2_99350.2
OG0000340	STRK1_92470.2	SRDH2_99350.1
OG0000340	STRK1_92470.1	SRDH2_99350.3
OG0000342	STRK1_4000.1	SRDH2_19320.1, SRDH2_19320.2
OG0000342	STRK1_6430.1	SRDH2_4760.3, SRDH2_4760.2, SRDH2_4760.1
OG0000342	STRK1_3850.1	SRDH2_19560.1
OG0000343	STRK1_33940.1, STRK1_33940.2, STRK1_33940.3, STRK1_33940.4, STRK1_33940.5, STRK1_33940.6	SRDH2_34590.1, SRDH2_34590.2, SRDH2_34590.3, SRDH2_34590.4, SRDH2_34590.5, SRDH2_34590.6, SRDH2_34590.7, SRDH2_34590.9, SRDH2_34590.8
OG0000344	STRK1_3600.1	SRDH2_6110.11, SRDH2_6110.1, SRDH2_6110.10, SRDH2_6110.2, SRDH2_6110.3, SRDH2_6110.5, SRDH2_6110.6, SRDH2_6110.9, SRDH2_6110.4, SRDH2_6110.7, SRDH2_6110.8
OG0000345	STRK1_54230.1, STRK1_54230.2	SRDH2_57830.3, SRDH2_57830.1, SRDH2_57830.4, SRDH2_57830.2, SRDH2_57830.5, SRDH2_57830.6
OG0000346	STRK1_26620.1	SRDH2_28700.1, SRDH2_28700.2
OG0000347	STRK1_29530.1	SRDH2_30840.9, SRDH2_30840.10, SRDH2_30840.4, SRDH2_30840.6, SRDH2_30840.7, SRDH2_30840.8, SRDH2_30840.1, SRDH2_30840.2, SRDH2_30840.3, SRDH2_30840.5
OG0000348	STRK1_3330.1, STRK1_104550.3, STRK1_104550.1, STRK1_3320.1, STRK1_104550.2, STRK1_104550.4	SRDH2_5750.1, SRDH2_5750.2
OG0000349	STRK1_300.2, STRK1_300.1, STRK1_300.3	SRDH2_820.1, SRDH2_820.3, SRDH2_820.2, SRDH2_820.4, SRDH2_820.5, SRDH2_820.6
OG0000350	STRK1_28740.1	SRDH2_38810.1
OG0000351	STRK1_98220.1	SRDH2_9510.1, SRDH2_9530.3, SRDH2_9530.4, SRDH2_9530.7, SRDH2_9530.5, SRDH2_9530.1, SRDH2_9530.12, SRDH2_9530.13, SRDH2_9530.14, SRDH2_9530.15, SRDH2_9530.2, SRDH2_9530.6, SRDH2_9530.9, SRDH2_9530.10, SRDH2_9530.8, SRDH2_9530.11
OG0000352	STRK1_36020.1	SRDH2_32660.16, SRDH2_32660.12, SRDH2_32660.15, SRDH2_32660.1, SRDH2_32660.3, SRDH2_32660.2, SRDH2_32660.11, SRDH2_32660.8, SRDH2_32660.5, SRDH2_32660.7, SRDH2_32660.9, SRDH2_32660.6, SRDH2_32660.10, SRDH2_32660.4, SRDH2_32660.13, SRDH2_32660.14
OG0000353	STRK1_68740.1	SRDH2_74870.8, SRDH2_74870.6, SRDH2_74870.7, SRDH2_74870.1, SRDH2_74870.2, SRDH2_74870.3, SRDH2_74870.4, SRDH2_74870.9, SRDH2_74870.5
OG0000354	STRK1_17160.1	SRDH2_3050.5, SRDH2_3050.8, SRDH2_3050.6, SRDH2_3050.11, SRDH2_3050.10, SRDH2_3050.12, SRDH2_3050.7, SRDH2_3050.4, SRDH2_3050.2, SRDH2_3050.9, SRDH2_3050.1, SRDH2_3050.3
OG0000355	STRK1_13090.1	SRDH2_8000.3, SRDH2_8000.2, SRDH2_8000.1, SRDH2_8000.4
OG0000356	STRK1_6220.3, STRK1_6220.4, STRK1_6220.1, STRK1_6220.2	SRDH2_6810.12, SRDH2_6810.13, SRDH2_6810.8, SRDH2_6810.7, SRDH2_6810.5, SRDH2_6810.11, SRDH2_6810.2, SRDH2_6810.1, SRDH2_6810.4, SRDH2_6810.3, SRDH2_6810.6, SRDH2_6810.9, SRDH2_6810.10
OG0000357	STRK1_41100.1, STRK1_41100.2	SRDH2_43030.1, SRDH2_43010.1
OG0000358	STRK1_110780.1, STRK1_106040.1, STRK1_106040.2, STRK1_61870.1, STRK1_61880.1	SRDH2_67080.1, SRDH2_67080.2, SRDH2_67080.3, SRDH2_67090.1
OG0000359	STRK1_15140.2, STRK1_15140.1, STRK1_15140.3	SRDH2_16380.1
OG0000360	STRK1_17970.2, STRK1_17970.1, STRK1_17970.3	SRDH2_20180.2, SRDH2_20180.8, SRDH2_20180.9, SRDH2_20180.10, SRDH2_20180.4, SRDH2_20180.11, SRDH2_20180.12, SRDH2_20180.3, SRDH2_20180.1, SRDH2_20180.7, SRDH2_20180.5, SRDH2_20180.6
OG0000361	STRK1_50210.1	SRDH2_49770.1, SRDH2_49770.4, SRDH2_49770.5, SRDH2_49770.3, SRDH2_49770.6, SRDH2_49770.7, SRDH2_49770.8, SRDH2_49770.2
OG0000362	STRK1_59660.1, STRK1_59660.2	SRDH2_63880.4, SRDH2_63880.9, SRDH2_63880.8, SRDH2_63880.2, SRDH2_63880.3, SRDH2_63880.1, SRDH2_63880.5, SRDH2_63880.6, SRDH2_63880.7
OG0000363	STRK1_40850.1, STRK1_98170.1, STRK1_95120.1, STRK1_95120.2, STRK1_40840.1, STRK1_40890.1, STRK1_40880.1, STRK1_40880.2, STRK1_100250.1	SRDH2_43340.2, SRDH2_43340.5, SRDH2_43340.1, SRDH2_43340.4, SRDH2_43340.3
OG0000364	STRK1_26960.1	SRDH2_26500.1
OG0000365	STRK1_55470.1, STRK1_55470.2	SRDH2_60090.1, SRDH2_60100.5, SRDH2_60100.6, SRDH2_60100.3, SRDH2_60100.4, SRDH2_60100.1, SRDH2_60100.2
OG0000366	STRK1_49790.1, STRK1_49790.4, STRK1_49790.2, STRK1_49790.3	SRDH2_50190.1
OG0000367	STRK1_31860.1	SRDH2_36670.1
OG0000368	STRK1_3780.1	SRDH2_19490.4, SRDH2_19490.7, SRDH2_19490.3, SRDH2_19490.8, SRDH2_19490.9, SRDH2_19490.1, SRDH2_19490.2, SRDH2_19490.5, SRDH2_19490.6
OG0000369	STRK1_16540.1	SRDH2_3750.1
OG0000370	STRK1_38050.2, STRK1_38050.1, STRK1_38050.3	SRDH2_39900.10, SRDH2_39900.6, SRDH2_39900.8, SRDH2_39900.5, SRDH2_39900.9, SRDH2_39900.1, SRDH2_39900.3, SRDH2_39900.11, SRDH2_39900.2, SRDH2_39900.14, SRDH2_39900.12, SRDH2_39900.13, SRDH2_39900.4, SRDH2_39900.7
OG0000371	STRK1_28830.1	SRDH2_38690.3, SRDH2_38690.2, SRDH2_38690.4, SRDH2_38690.5, SRDH2_38690.1
OG0000372	STRK1_9220.1, STRK1_9240.1, STRK1_9240.3, STRK1_9240.2	SRDH2_10150.1, SRDH2_101580.1
OG0000373	STRK1_8160.1	SRDH2_14790.1
OG0000374	STRK1_39660.1, STRK1_39660.2	SRDH2_41830.1, SRDH2_41830.2, SRDH2_41830.3, SRDH2_41830.4, SRDH2_41830.5, SRDH2_41830.6, SRDH2_41830.7
OG0000375	STRK1_15760.1	SRDH2_4560.1, SRDH2_4560.4, SRDH2_4560.2, SRDH2_4560.3
OG0000376	STRK1_59900.1	SRDH2_62230.7, SRDH2_62230.1, SRDH2_62230.4, SRDH2_62230.10, SRDH2_62230.5, SRDH2_62230.2, SRDH2_62230.3, SRDH2_62230.6, SRDH2_62230.14, SRDH2_62230.8, SRDH2_62230.9, SRDH2_62230.12, SRDH2_62230.13, SRDH2_62230.11
OG0000377	STRK1_46210.5, STRK1_46210.6, STRK1_46210.1, STRK1_46210.7, STRK1_46210.2, STRK1_46210.3, STRK1_46210.4	SRDH2_54200.2, SRDH2_54200.3, SRDH2_54200.4, SRDH2_54200.8, SRDH2_54200.9, SRDH2_54200.1, SRDH2_54200.10, SRDH2_54200.5, SRDH2_54200.6, SRDH2_54200.7
OG0000378	STRK1_24070.1, STRK1_24070.2	SRDH2_24880.12, SRDH2_24880.3, SRDH2_24880.1, SRDH2_24880.4, SRDH2_24880.6, SRDH2_24880.5, SRDH2_24880.8, SRDH2_24880.9, SRDH2_24880.10, SRDH2_24880.11, SRDH2_24880.7, SRDH2_24880.2
OG0000380	STRK1_20160.1	SRDH2_23070.1
OG0000380	STRK1_20130.1	SRDH2_23080.1
OG0000380	STRK1_20140.1, STRK1_20110.1	SRDH2_23090.1, SRDH2_23100.1
OG0000381	STRK1_47440.1	SRDH2_52940.1
OG0000381	STRK1_47450.1	SRDH2_52930.1
OG0000382	STRK1_86640.1	SRDH2_92990.1, SRDH2_93000.1, SRDH2_93000.2, SRDH2_93090.1
OG0000383	STRK1_32920.1	SRDH2_31970.3, SRDH2_31970.2, SRDH2_31970.1, SRDH2_31970.6, SRDH2_31970.7, SRDH2_31970.5, SRDH2_31970.4
OG0000384	STRK1_31790.1	SRDH2_36600.15, SRDH2_36600.16, SRDH2_36600.1, SRDH2_36600.2, SRDH2_36600.13, SRDH2_36600.10, SRDH2_36600.14, SRDH2_36600.3, SRDH2_36600.4, SRDH2_36600.5, SRDH2_36600.7, SRDH2_36600.9, SRDH2_36600.11, SRDH2_36600.12, SRDH2_36600.8, SRDH2_36590.1
OG0000385	STRK1_59690.1	SRDH2_63840.1
OG0000386	STRK1_19380.1	SRDH2_21480.1, SRDH2_21480.2, SRDH2_21480.3, SRDH2_21480.4, SRDH2_21480.5, SRDH2_21480.6, SRDH2_21480.10, SRDH2_21480.8, SRDH2_21480.9, SRDH2_21480.11, SRDH2_21480.7
OG0000387	STRK1_17240.1	SRDH2_2960.1, SRDH2_102530.1, SRDH2_102520.1
OG0000388	STRK1_86400.1	SRDH2_92590.4, SRDH2_92590.3, SRDH2_92590.1, SRDH2_92590.2
OG0000389	STRK1_71300.1	SRDH2_75390.1, SRDH2_75390.2
OG0000390	STRK1_93900.1	SRDH2_85500.4, SRDH2_85500.2, SRDH2_85500.3, SRDH2_85500.5, SRDH2_85500.1, SRDH2_85500.6, SRDH2_85500.7, SRDH2_85500.10, SRDH2_85500.11, SRDH2_85500.14, SRDH2_85500.9, SRDH2_85500.13, SRDH2_85500.12, SRDH2_85500.8
OG0000391	STRK1_11350.1	SRDH2_13070.1
OG0000392	STRK1_65590.1, STRK1_65590.2	SRDH2_63310.10, SRDH2_63310.3, SRDH2_63320.1, SRDH2_63310.5, SRDH2_63310.9, SRDH2_63310.13, SRDH2_63310.8, SRDH2_63310.11, SRDH2_63310.12, SRDH2_63310.4, SRDH2_63310.6, SRDH2_63310.7, SRDH2_63310.14
OG0000393	STRK1_43610.1, STRK1_43620.1, STRK1_43620.2, STRK1_43620.3, STRK1_43620.4	SRDH2_46070.7, SRDH2_46070.6, SRDH2_46070.1, SRDH2_46070.13, SRDH2_46070.14, SRDH2_46070.5, SRDH2_46070.10, SRDH2_46070.11, SRDH2_46070.12, SRDH2_46070.2, SRDH2_46070.4, SRDH2_46070.3, SRDH2_46070.9, SRDH2_46070.8
OG0000394	STRK1_60380.1	SRDH2_62680.9, SRDH2_62680.11, SRDH2_62680.3, SRDH2_62680.4, SRDH2_62680.5, SRDH2_62680.6, SRDH2_62680.1, SRDH2_62680.2, SRDH2_62680.7, SRDH2_62680.8, SRDH2_62680.10
OG0000395	STRK1_98140.1, STRK1_76670.1	SRDH2_81430.5, SRDH2_81430.6, SRDH2_81430.3, SRDH2_81430.8, SRDH2_81430.1, SRDH2_81430.10, SRDH2_81430.4, SRDH2_81430.9, SRDH2_81430.2, SRDH2_81430.7, SRDH2_81430.15, SRDH2_81430.12, SRDH2_81430.14, SRDH2_81430.11, SRDH2_81430.13
OG0000396	STRK1_15800.1	SRDH2_4520.15, SRDH2_4520.3, SRDH2_4520.5, SRDH2_4520.1, SRDH2_4520.10, SRDH2_4520.11, SRDH2_4520.12, SRDH2_4520.2, SRDH2_4520.6, SRDH2_4520.9, SRDH2_4520.4, SRDH2_4520.7, SRDH2_4520.8, SRDH2_4520.13, SRDH2_4520.14, SRDH2_4520.16, SRDH2_4520.18
OG0000397	STRK1_77170.1	SRDH2_81240.1, SRDH2_81240.2, SRDH2_81240.3, SRDH2_81240.4, SRDH2_81240.5, SRDH2_81240.6, SRDH2_81240.7, SRDH2_81240.8, SRDH2_81240.9, SRDH2_81240.10, SRDH2_81240.12, SRDH2_81240.13, SRDH2_81240.11
OG0000398	STRK1_18050.1	SRDH2_20280.1, SRDH2_20280.3, SRDH2_20280.2
OG0000398	STRK1_21020.1	SRDH2_21870.1
OG0000398	STRK1_20970.1	SRDH2_21940.1
OG0000399	STRK1_24380.1	SRDH2_28510.2, SRDH2_28510.1
OG0000399	STRK1_24380.3	SRDH2_28510.4
OG0000399	STRK1_24380.2	SRDH2_28510.3
OG0000399	STRK1_24370.1	SRDH2_28500.1
OG0000400	STRK1_42200.1, STRK1_42190.3, STRK1_42190.5, STRK1_42190.4, STRK1_42190.2, STRK1_42190.1, STRK1_43310.5, STRK1_43310.4, STRK1_43310.2, STRK1_43310.1, STRK1_43310.3, STRK1_43300.1	SRDH2_45830.1, SRDH2_45830.3, SRDH2_45830.2, SRDH2_45830.4
OG0000400	STRK1_42490.1	SRDH2_44960.1, SRDH2_44930.1
OG0000401	STRK1_90880.1	SRDH2_98010.6, SRDH2_98010.8, SRDH2_98010.3, SRDH2_98010.1, SRDH2_98010.11, SRDH2_98010.2, SRDH2_98010.4, SRDH2_98010.7, SRDH2_98010.5, SRDH2_98010.10, SRDH2_98010.9
OG0000402	STRK1_10630.1, STRK1_10630.2, STRK1_10630.3, STRK1_10630.4, STRK1_10630.5	SRDH2_11670.2, SRDH2_11670.3, SRDH2_11670.1
OG0000403	STRK1_16780.1	SRDH2_3290.1
OG0000404	STRK1_81240.1, STRK1_99860.1	SRDH2_83980.1
OG0000405	STRK1_33240.1, STRK1_99330.3, STRK1_99330.2, STRK1_99320.1, STRK1_99330.1	SRDH2_37220.6, SRDH2_37220.2, SRDH2_37220.9, SRDH2_37220.5, SRDH2_37220.1, SRDH2_37220.10, SRDH2_37220.11, SRDH2_37220.3, SRDH2_37220.4, SRDH2_37220.7, SRDH2_37220.8
OG0000406	STRK1_28780.1	SRDH2_38740.21, SRDH2_38740.22, SRDH2_38740.10, SRDH2_38740.13, SRDH2_38740.14, SRDH2_38740.15, SRDH2_38740.16, SRDH2_38740.17, SRDH2_38740.18, SRDH2_38740.3, SRDH2_38740.6, SRDH2_38740.7, SRDH2_38740.8, SRDH2_38740.20, SRDH2_38740.19, SRDH2_38740.1, SRDH2_38740.2, SRDH2_38740.12, SRDH2_38740.11, SRDH2_38740.4, SRDH2_38740.5, SRDH2_38740.9
OG0000407	STRK1_59600.1	SRDH2_63900.8, SRDH2_63900.13, SRDH2_63900.4, SRDH2_63900.5, SRDH2_63900.6, SRDH2_63900.9, SRDH2_63900.1, SRDH2_63900.10, SRDH2_63900.2, SRDH2_63900.3, SRDH2_63900.7, SRDH2_63900.12, SRDH2_63900.11
OG0000408	STRK1_26240.1, STRK1_26240.2	SRDH2_26940.3, SRDH2_26940.4, SRDH2_26940.1, SRDH2_26940.2, SRDH2_26940.5
OG0000409	STRK1_88020.1, STRK1_88020.2	SRDH2_90950.3, SRDH2_90950.1, SRDH2_90950.2
OG0000410	STRK1_67150.1	SRDH2_70920.5, SRDH2_70920.1, SRDH2_70920.2, SRDH2_70920.4, SRDH2_70920.3
OG0000411	STRK1_25600.1, STRK1_25600.2, STRK1_25600.3, STRK1_25600.4, STRK1_25600.5, STRK1_25600.6	SRDH2_27570.10, SRDH2_27570.11, SRDH2_27570.3, SRDH2_27570.6, SRDH2_27570.8, SRDH2_27570.9, SRDH2_27570.1, SRDH2_27570.2, SRDH2_27570.4, SRDH2_27570.5, SRDH2_27570.7
OG0000412	STRK1_69900.1	SRDH2_73550.6, SRDH2_73550.7, SRDH2_73550.15, SRDH2_73550.12, SRDH2_73550.17, SRDH2_73550.13, SRDH2_73550.9, SRDH2_73550.11, SRDH2_73550.16, SRDH2_73550.2, SRDH2_73550.8, SRDH2_73550.4, SRDH2_73550.1, SRDH2_73550.14, SRDH2_73550.10, SRDH2_73550.5, SRDH2_73550.3
OG0000413	STRK1_60230.1	SRDH2_62530.10, SRDH2_62530.2, SRDH2_62530.3, SRDH2_62530.5, SRDH2_62530.6, SRDH2_62530.9, SRDH2_62530.8, SRDH2_62530.11, SRDH2_62530.1, SRDH2_62530.4, SRDH2_62530.7
OG0000414	STRK1_10070.1	SRDH2_11030.1, SRDH2_11030.2, SRDH2_11030.3, SRDH2_11010.1
OG0000415	STRK1_29250.1, STRK1_29250.2, STRK1_29250.3, STRK1_29250.4	SRDH2_31120.1
OG0000416	STRK1_104130.1	SRDH2_89660.1
OG0000416	STRK1_86990.1	SRDH2_94160.1
OG0000416	STRK1_84970.1	SRDH2_89650.1
OG0000417	STRK1_46560.1, STRK1_46560.5, STRK1_46560.6, STRK1_46560.2, STRK1_46560.3, STRK1_46560.4, STRK1_46560.7, STRK1_46560.8	SRDH2_53850.1, SRDH2_53850.2, SRDH2_53850.3, SRDH2_53850.4
OG0000418	STRK1_90170.1	SRDH2_97670.1, SRDH2_97670.2, SRDH2_97670.3, SRDH2_97670.4
OG0000419	STRK1_3640.1	SRDH2_6160.9, SRDH2_6160.10, SRDH2_6160.6, SRDH2_6160.14, SRDH2_6160.3, SRDH2_6160.2, SRDH2_6160.11, SRDH2_6160.8, SRDH2_6160.1, SRDH2_6160.4, SRDH2_6160.5, SRDH2_6160.12, SRDH2_6160.13, SRDH2_6160.7
OG0000420	STRK1_43540.1	SRDH2_46170.14, SRDH2_46170.15, SRDH2_46170.5, SRDH2_46170.1, SRDH2_46170.10, SRDH2_46170.13, SRDH2_46170.7, SRDH2_46170.9, SRDH2_46170.2, SRDH2_46170.4, SRDH2_46170.6, SRDH2_46170.8, SRDH2_46170.11, SRDH2_46170.12, SRDH2_46170.16, SRDH2_46170.3
OG0000421	STRK1_65080.1, STRK1_65080.2	SRDH2_68870.1, SRDH2_68870.2, SRDH2_68870.3, SRDH2_68870.4, SRDH2_68870.5
OG0000422	STRK1_49160.1	SRDH2_50820.1, SRDH2_50820.2, SRDH2_50820.3
OG0000423	STRK1_33060.1, STRK1_33060.2, STRK1_33060.4, STRK1_33060.6, STRK1_33060.7, STRK1_33060.3, STRK1_33060.5	SRDH2_31820.4, SRDH2_31820.5, SRDH2_31820.1, SRDH2_31820.3, SRDH2_31820.7, SRDH2_31820.2, SRDH2_31820.9, SRDH2_31820.6, SRDH2_31820.8
OG0000425	STRK1_99400.1	SRDH2_29840.3, SRDH2_29840.1, SRDH2_29840.2, SRDH2_29840.4
OG0000426	STRK1_48080.1, STRK1_48110.1	SRDH2_55390.1, SRDH2_55370.1, SRDH2_55380.1
OG0000427	STRK1_47550.1, STRK1_99650.1	SRDH2_52830.1, SRDH2_52830.2, SRDH2_52830.3, SRDH2_52830.4, SRDH2_52830.5
OG0000428	STRK1_37200.1	SRDH2_42440.1, SRDH2_42430.1
OG0000429	STRK1_93540.1, STRK1_93540.2	SRDH2_96250.1
OG0000429	STRK1_43070.1	SRDH2_45470.1
OG0000430	STRK1_31470.3, STRK1_31470.1, STRK1_31470.2	SRDH2_36260.1, SRDH2_36260.2, SRDH2_36260.3
OG0000431	STRK1_50230.1	SRDH2_49750.12, SRDH2_49750.1, SRDH2_49750.8, SRDH2_49750.4, SRDH2_49750.11, SRDH2_49750.10, SRDH2_49750.9, SRDH2_49750.2, SRDH2_49750.6, SRDH2_49750.7, SRDH2_49750.13, SRDH2_49750.5, SRDH2_49750.3, SRDH2_49750.14
OG0000432	STRK1_94640.1, STRK1_94640.2	SRDH2_97310.3, SRDH2_97310.1, SRDH2_97310.2, SRDH2_97310.4, SRDH2_97310.7, SRDH2_97310.5, SRDH2_97310.6
OG0000433	STRK1_35200.1, STRK1_35200.2, STRK1_35200.3, STRK1_35200.4, STRK1_35200.9, STRK1_35200.5, STRK1_35200.6, STRK1_35200.7, STRK1_35200.8	SRDH2_40420.1
OG0000434	STRK1_91860.1	SRDH2_96790.1, SRDH2_96790.6, SRDH2_96790.4, SRDH2_96790.3, SRDH2_96790.2, SRDH2_96790.5
OG0000435	STRK1_48870.1	SRDH2_55690.1
OG0000436	STRK1_22550.1, STRK1_22550.2	SRDH2_26020.11, SRDH2_26020.10, SRDH2_26020.8, SRDH2_26020.5, SRDH2_26020.2, SRDH2_26020.6, SRDH2_26020.7, SRDH2_26020.9, SRDH2_26020.4, SRDH2_26020.3, SRDH2_26020.1
OG0000437	STRK1_17000.1	SRDH2_3210.1, SRDH2_3210.11, SRDH2_3210.3, SRDH2_3210.8, SRDH2_3210.9, SRDH2_3210.2, SRDH2_3210.7, SRDH2_3210.10, SRDH2_3210.6, SRDH2_3210.4, SRDH2_3210.5
OG0000438	STRK1_63880.1	SRDH2_65210.4, SRDH2_65210.7, SRDH2_65210.6, SRDH2_65210.8, SRDH2_65210.9, SRDH2_65210.1, SRDH2_65210.5, SRDH2_65210.2, SRDH2_65210.3
OG0000439	STRK1_81640.1	SRDH2_86960.5, SRDH2_86960.3, SRDH2_86960.7, SRDH2_86960.10, SRDH2_86960.11, SRDH2_86960.13, SRDH2_86960.2, SRDH2_86960.8, SRDH2_86960.9, SRDH2_86960.4, SRDH2_86960.1, SRDH2_86960.12, SRDH2_86960.6, SRDH2_86960.14
OG0000440	STRK1_87330.1, STRK1_87340.1, STRK1_87350.1	SRDH2_93830.1, SRDH2_93850.1, SRDH2_93850.2, SRDH2_93850.3, SRDH2_93840.1, SRDH2_93820.1
OG0000441	STRK1_11950.1	SRDH2_9330.7, SRDH2_9330.2, SRDH2_9330.6, SRDH2_9330.1, SRDH2_9330.3, SRDH2_9330.4, SRDH2_9330.5, SRDH2_9330.8, SRDH2_9330.9
OG0000441	STRK1_5190.1	SRDH2_13430.3, SRDH2_13430.2, SRDH2_13430.1
OG0000442	STRK1_31050.1	SRDH2_33820.6, SRDH2_33820.8, SRDH2_33820.9, SRDH2_33820.4, SRDH2_33820.5, SRDH2_33820.3, SRDH2_33820.1, SRDH2_33820.7, SRDH2_33820.2
OG0000443	STRK1_3380.1	SRDH2_5800.2, SRDH2_5800.3, SRDH2_5800.4, SRDH2_5800.1
OG0000444	STRK1_110220.1, STRK1_110220.2, STRK1_69110.1, STRK1_69120.1	SRDH2_74510.3, SRDH2_74510.2, SRDH2_74510.4, SRDH2_74510.7, SRDH2_74510.5, SRDH2_74510.6, SRDH2_74510.1, SRDH2_74510.8
OG0000445	STRK1_63330.3, STRK1_63330.1, STRK1_63330.2, STRK1_63330.4	SRDH2_66130.1, SRDH2_66130.2, SRDH2_66130.3, SRDH2_66130.4, SRDH2_66130.10, SRDH2_66130.5, SRDH2_66130.6, SRDH2_66130.8, SRDH2_66130.11, SRDH2_66130.7, SRDH2_66130.9
OG0000446	STRK1_8630.1, STRK1_11970.1, STRK1_11970.2	SRDH2_9420.1, SRDH2_9420.4, SRDH2_9420.14, SRDH2_9420.19, SRDH2_9420.20, SRDH2_9420.21, SRDH2_9420.3, SRDH2_9420.17, SRDH2_9420.18, SRDH2_9420.10, SRDH2_9420.12, SRDH2_9420.8, SRDH2_9420.16, SRDH2_9420.13, SRDH2_9420.11, SRDH2_9420.15, SRDH2_9420.7, SRDH2_9420.9, SRDH2_9420.2, SRDH2_9420.5, SRDH2_9420.6
OG0000447	STRK1_52960.1	SRDH2_56940.7, SRDH2_56940.4, SRDH2_56940.1, SRDH2_56940.11, SRDH2_56940.2, SRDH2_56940.5, SRDH2_56940.13, SRDH2_56940.3, SRDH2_56940.8, SRDH2_56940.6, SRDH2_56940.12, SRDH2_56940.10, SRDH2_56940.9
OG0000448	STRK1_32240.1	SRDH2_37090.1
OG0000449	STRK1_56520.3, STRK1_56520.1, STRK1_56520.2	SRDH2_58900.3, SRDH2_58900.6, SRDH2_58900.4, SRDH2_58900.5, SRDH2_58900.1, SRDH2_58900.2
OG0000450	STRK1_23450.1, STRK1_23450.2, STRK1_23450.3	SRDH2_25210.7, SRDH2_25210.1, SRDH2_25210.5, SRDH2_25210.3, SRDH2_25210.2, SRDH2_25210.4, SRDH2_25210.8, SRDH2_25210.6
OG0000451	STRK1_84560.1	SRDH2_89250.13, SRDH2_89250.14, SRDH2_89250.18, SRDH2_89250.21, SRDH2_89250.19, SRDH2_89250.12, SRDH2_89250.15, SRDH2_89250.20, SRDH2_89250.1, SRDH2_89250.2, SRDH2_89250.3, SRDH2_89250.4, SRDH2_89250.5, SRDH2_89250.6, SRDH2_89250.7, SRDH2_89250.8, SRDH2_89250.9, SRDH2_89250.10, SRDH2_89250.11, SRDH2_89250.16, SRDH2_89250.17
OG0000452	STRK1_37810.1	SRDH2_39570.11, SRDH2_39570.13, SRDH2_39570.4, SRDH2_39570.7, SRDH2_39570.10, SRDH2_39570.5, SRDH2_39570.8, SRDH2_39570.9, SRDH2_39570.3, SRDH2_39570.1, SRDH2_39570.2, SRDH2_39570.12, SRDH2_39570.14, SRDH2_39570.6
OG0000454	STRK1_81030.1, STRK1_81040.1	SRDH2_86470.1
OG0000454	STRK1_69830.1	SRDH2_73670.1
OG0000455	STRK1_13250.1	SRDH2_64700.1, SRDH2_14370.5, SRDH2_14370.4, SRDH2_14370.1, SRDH2_14370.3, SRDH2_14370.2, SRDH2_14370.7, SRDH2_14370.6
OG0000456	STRK1_68890.1	SRDH2_74720.1
OG0000457	STRK1_27270.1	SRDH2_29000.1, SRDH2_29000.2, SRDH2_29000.4, SRDH2_29000.5, SRDH2_29000.6, SRDH2_29000.7, SRDH2_29000.3, SRDH2_29000.8
OG0000458	STRK1_27660.3, STRK1_27660.2, STRK1_27660.5, STRK1_27650.1, STRK1_27660.1, STRK1_27660.4	SRDH2_38280.1
OG0000459	STRK1_8930.1	SRDH2_9770.1
OG0000460	STRK1_7890.1	SRDH2_14530.1, SRDH2_14540.1
OG0000461	STRK1_75350.10, STRK1_75350.3, STRK1_75350.1, STRK1_75350.4, STRK1_75350.7, STRK1_75350.2, STRK1_75350.8, STRK1_75350.5, STRK1_75350.6, STRK1_75350.9	SRDH2_75850.4, SRDH2_75850.1, SRDH2_75850.2, SRDH2_75850.3, SRDH2_75850.5
OG0000462	STRK1_99940.1, STRK1_100430.1, STRK1_109960.1	SRDH2_58600.1, SRDH2_58610.1, SRDH2_58620.1
OG0000462	STRK1_91500.1	SRDH2_95920.1
OG0000463	STRK1_46540.1, STRK1_46540.2, STRK1_46540.3, STRK1_46540.4	SRDH2_53880.1, SRDH2_53880.2, SRDH2_53880.3, SRDH2_53890.1
OG0000463	STRK1_53130.1	SRDH2_53870.3, SRDH2_53870.4, SRDH2_53870.5, SRDH2_53870.1, SRDH2_53870.2
OG0000464	STRK1_11120.1, STRK1_11120.2	SRDH2_13360.2, SRDH2_13360.5, SRDH2_13360.6, SRDH2_13360.4, SRDH2_13360.3, SRDH2_13360.1, SRDH2_13360.7
OG0000465	STRK1_75780.1, STRK1_75780.2, STRK1_75780.3, STRK1_75780.4	SRDH2_77670.7, SRDH2_77670.2, SRDH2_77670.5, SRDH2_77670.1, SRDH2_77670.6, SRDH2_77670.8, SRDH2_77670.3, SRDH2_77670.4
OG0000466	STRK1_103390.1, STRK1_47590.1	SRDH2_52790.8, SRDH2_52790.4, SRDH2_52790.7, SRDH2_52790.12, SRDH2_52790.14, SRDH2_52790.5, SRDH2_52790.6, SRDH2_52790.10, SRDH2_52790.1, SRDH2_52790.13, SRDH2_52790.9, SRDH2_52790.2, SRDH2_52790.3, SRDH2_52790.11
OG0000467	STRK1_28040.1, STRK1_28040.2	SRDH2_37890.1
OG0000468	STRK1_68640.1	SRDH2_74970.8, SRDH2_74970.7, SRDH2_74970.5, SRDH2_74970.2, SRDH2_74970.4, SRDH2_74970.6, SRDH2_74970.1, SRDH2_74970.3
OG0000469	STRK1_16240.1, STRK1_16240.2	SRDH2_4070.10, SRDH2_4070.13, SRDH2_4070.15, SRDH2_4070.2, SRDH2_4070.3, SRDH2_4070.4, SRDH2_4070.8, SRDH2_4070.19, SRDH2_4070.20, SRDH2_4070.6, SRDH2_4070.7, SRDH2_4070.9, SRDH2_4070.1, SRDH2_4070.12, SRDH2_4070.14, SRDH2_4070.5, SRDH2_4070.16, SRDH2_4070.17, SRDH2_4070.11, SRDH2_4070.18
OG0000470	STRK1_52630.1	SRDH2_52300.10, SRDH2_52300.4, SRDH2_52300.3, SRDH2_52300.1, SRDH2_52300.2, SRDH2_52300.5, SRDH2_52300.7, SRDH2_52300.8, SRDH2_52300.9, SRDH2_52300.6, SRDH2_52300.11
OG0000471	STRK1_87690.1	SRDH2_91310.9, SRDH2_91310.8, SRDH2_91310.1, SRDH2_91310.7, SRDH2_91310.2, SRDH2_91310.6, SRDH2_91310.3, SRDH2_91310.4, SRDH2_91310.5
OG0000472	STRK1_97050.1	SRDH2_37940.1
OG0000473	STRK1_6710.4, STRK1_6710.3, STRK1_6710.1, STRK1_6710.2	SRDH2_5050.3, SRDH2_5050.2, SRDH2_5050.4, SRDH2_5050.1
OG0000474	STRK1_43340.1	SRDH2_46460.1, SRDH2_46460.2
OG0000475	STRK1_63660.1, STRK1_63660.2	SRDH2_65440.5, SRDH2_65440.13, SRDH2_65440.8, SRDH2_65440.9, SRDH2_65440.1, SRDH2_65440.10, SRDH2_65440.12, SRDH2_65440.11, SRDH2_65440.7, SRDH2_65440.6, SRDH2_65440.2, SRDH2_65440.3, SRDH2_65440.4
OG0000476	STRK1_19840.1	SRDH2_22870.1
OG0000477	STRK1_43550.1, STRK1_43560.1, STRK1_100280.1	SRDH2_46150.12, SRDH2_46150.9, SRDH2_46150.11, SRDH2_46150.15, SRDH2_46150.14, SRDH2_46150.16, SRDH2_46150.10, SRDH2_46150.5, SRDH2_46150.7, SRDH2_46150.2, SRDH2_46150.4, SRDH2_46150.1, SRDH2_46150.3, SRDH2_46150.6, SRDH2_46150.8, SRDH2_46150.13
OG0000478	STRK1_5900.1	SRDH2_6490.13, SRDH2_6490.2, SRDH2_6490.9, SRDH2_6490.10, SRDH2_6490.14, SRDH2_6490.8, SRDH2_6490.7, SRDH2_6490.1, SRDH2_6490.6, SRDH2_6490.11, SRDH2_6490.12, SRDH2_6490.15, SRDH2_6490.3, SRDH2_6490.4, SRDH2_6490.5
OG0000479	STRK1_32110.1	SRDH2_36940.4, SRDH2_36940.5, SRDH2_36940.1, SRDH2_36940.2, SRDH2_36940.3, SRDH2_36940.6
OG0000480	STRK1_58780.1	SRDH2_67600.1
OG0000481	STRK1_62290.1, STRK1_62290.2, STRK1_62290.3	SRDH2_67500.1, SRDH2_67500.2, SRDH2_67500.3, SRDH2_67500.4, SRDH2_67500.5, SRDH2_67500.6
OG0000482	STRK1_99730.1	SRDH2_10190.10, SRDH2_10190.4, SRDH2_10190.5, SRDH2_10190.9
OG0000483	STRK1_56570.1, STRK1_56590.1, STRK1_56580.1	SRDH2_58470.1, SRDH2_58470.2, SRDH2_58470.3
OG0000484	STRK1_92410.1	SRDH2_99680.1
OG0000485	STRK1_11680.1, STRK1_11690.1	SRDH2_12680.4, SRDH2_12680.5, SRDH2_12680.2, SRDH2_12680.3, SRDH2_12680.7, SRDH2_12680.1, SRDH2_12680.6
OG0000487	STRK1_5690.2, STRK1_5690.1, STRK1_5690.3	SRDH2_6250.2, SRDH2_6250.3, SRDH2_6250.1
OG0000487	STRK1_5700.2, STRK1_2660.1, STRK1_104880.1, STRK1_104880.2	SRDH2_18620.1
OG0000488	STRK1_83170.1, STRK1_83200.1, STRK1_83200.2	SRDH2_88750.1, SRDH2_82710.1, SRDH2_88760.1, SRDH2_88760.4, SRDH2_95880.1, SRDH2_95880.2, SRDH2_88760.2, SRDH2_88760.3
OG0000489	STRK1_52970.10, STRK1_52970.6, STRK1_52970.7, STRK1_52970.8, STRK1_52970.1, STRK1_52970.3, STRK1_52970.5, STRK1_52970.2, STRK1_52970.4, STRK1_52970.9	SRDH2_56960.2, SRDH2_56960.5, SRDH2_56960.1, SRDH2_56960.8, SRDH2_56960.6, SRDH2_56960.3, SRDH2_56960.4, SRDH2_56960.7, SRDH2_56960.9
OG0000490	STRK1_66240.1, STRK1_109000.1, STRK1_109230.1, STRK1_109230.5, STRK1_109230.3, STRK1_109230.6, STRK1_66240.2, STRK1_109230.2, STRK1_109230.4, STRK1_109230.7, STRK1_109230.8, STRK1_109220.1	SRDH2_70160.1
OG0000491	STRK1_29770.1	SRDH2_30640.1
OG0000492	STRK1_57770.1, STRK1_110990.1, STRK1_57780.1, STRK1_59570.1, STRK1_59570.2, STRK1_59570.3	SRDH2_64090.5, SRDH2_64090.1, SRDH2_64090.3, SRDH2_64090.4, SRDH2_64090.2
OG0000493	STRK1_45450.1	SRDH2_48240.1
OG0000493	STRK1_100970.1, STRK1_36870.1, STRK1_36870.2	SRDH2_29380.1
OG0000495	STRK1_16990.1, STRK1_16990.2	SRDH2_3220.1, SRDH2_3220.2, SRDH2_3220.3, SRDH2_3220.4, SRDH2_3220.5, SRDH2_3220.6
OG0000496	STRK1_33180.1	SRDH2_37150.1, SRDH2_37150.3, SRDH2_37150.2
OG0000497	STRK1_3120.1, STRK1_3130.1	SRDH2_5540.1, SRDH2_5550.1, SRDH2_5550.2
OG0000498	STRK1_23090.1, STRK1_23080.1	SRDH2_25560.1, SRDH2_25560.2
OG0000498	STRK1_25590.1	SRDH2_27590.1, SRDH2_27590.2
OG0000499	STRK1_68590.1	SRDH2_75010.1, SRDH2_75010.2, SRDH2_75010.3
OG0000500	STRK1_3870.3, STRK1_3870.1, STRK1_3870.2, STRK1_3870.4	SRDH2_19600.1
OG0000501	STRK1_26790.1	SRDH2_26320.1, SRDH2_26320.12, SRDH2_26320.10, SRDH2_26320.11, SRDH2_26320.14, SRDH2_26320.3, SRDH2_26320.5, SRDH2_26320.6, SRDH2_26320.4, SRDH2_26320.8, SRDH2_26320.2, SRDH2_26320.7, SRDH2_26320.9, SRDH2_26320.13
OG0000502	STRK1_108460.1	SRDH2_33170.1
OG0000503	STRK1_16410.4, STRK1_16410.5, STRK1_16410.6, STRK1_16410.7, STRK1_16410.3, STRK1_16410.2, STRK1_16410.1	SRDH2_3890.1
OG0000504	STRK1_44940.1	SRDH2_47660.3, SRDH2_47660.4, SRDH2_47660.5, SRDH2_47660.2, SRDH2_47660.1
OG0000505	STRK1_39250.1, STRK1_39250.2	SRDH2_41400.1, SRDH2_41400.10, SRDH2_41400.11, SRDH2_41400.12, SRDH2_41400.13, SRDH2_41400.3, SRDH2_41400.4, SRDH2_41400.7, SRDH2_41400.8, SRDH2_41400.9, SRDH2_41400.5, SRDH2_41400.2, SRDH2_41400.6
OG0000506	STRK1_66680.1, STRK1_8850.1	SRDH2_9620.1, SRDH2_101740.1
OG0000507	STRK1_32390.1	SRDH2_31620.7, SRDH2_31620.9, SRDH2_31620.14, SRDH2_31620.1, SRDH2_31620.10, SRDH2_31620.15, SRDH2_31620.5, SRDH2_31620.6, SRDH2_31620.2, SRDH2_31620.8, SRDH2_31620.13, SRDH2_31620.3, SRDH2_31620.4, SRDH2_31620.11, SRDH2_31620.12
OG0000508	STRK1_4570.1	SRDH2_15710.7, SRDH2_15710.1, SRDH2_15710.5, SRDH2_15710.6, SRDH2_15710.2, SRDH2_15710.3, SRDH2_15710.4, SRDH2_15710.8, SRDH2_15710.9
OG0000509	STRK1_49740.1, STRK1_49740.5, STRK1_49740.3, STRK1_49740.2, STRK1_49740.4	SRDH2_50240.1
OG0000509	STRK1_52320.1	SRDH2_52020.1
OG0000510	STRK1_76470.1, STRK1_76470.2	SRDH2_80780.1
OG0000510	STRK1_77670.1	SRDH2_80800.1, SRDH2_80800.2, SRDH2_80800.6, SRDH2_80800.4, SRDH2_80800.3, SRDH2_80800.7, SRDH2_80800.5
OG0000511	STRK1_70300.1	SRDH2_73140.1, SRDH2_73130.2, SRDH2_73100.1, SRDH2_73130.1, SRDH2_73160.1, SRDH2_73120.1, SRDH2_73120.2
OG0000512	STRK1_52010.1	SRDH2_52510.11, SRDH2_52510.12, SRDH2_52510.3, SRDH2_52510.7, SRDH2_52510.8, SRDH2_52510.10, SRDH2_52510.5, SRDH2_52510.1, SRDH2_52510.13, SRDH2_52510.4, SRDH2_52510.6, SRDH2_52510.9, SRDH2_52510.2
OG0000513	STRK1_65050.1, STRK1_65060.1	SRDH2_68910.11, SRDH2_68910.10, SRDH2_68910.9, SRDH2_68910.1, SRDH2_68910.3, SRDH2_68910.4, SRDH2_68910.5, SRDH2_68910.6, SRDH2_68910.8, SRDH2_68910.2, SRDH2_68910.7
OG0000515	STRK1_4950.2, STRK1_4950.1, STRK1_4950.3	SRDH2_12440.1
OG0000516	STRK1_64250.3, STRK1_64250.1, STRK1_64250.2, STRK1_64250.4	SRDH2_64790.1, SRDH2_64790.2
OG0000517	STRK1_26830.3, STRK1_26830.1, STRK1_26830.2	SRDH2_26340.12, SRDH2_26340.13, SRDH2_26340.14, SRDH2_26340.1, SRDH2_26340.10, SRDH2_26340.2, SRDH2_26340.4, SRDH2_26340.5, SRDH2_26340.6, SRDH2_26340.3, SRDH2_26340.7, SRDH2_26340.9, SRDH2_26340.8, SRDH2_26340.11
OG0000521	STRK1_69510.1	SRDH2_73990.1
OG0000522	STRK1_52980.1	SRDH2_56850.1
OG0000523	STRK1_74090.1	SRDH2_78970.1, SRDH2_78970.14, SRDH2_78970.5, SRDH2_78970.7, SRDH2_78970.2, SRDH2_78970.4, SRDH2_78970.9, SRDH2_78970.15, SRDH2_78970.3, SRDH2_78970.6, SRDH2_78970.8, SRDH2_78970.16, SRDH2_78970.10, SRDH2_78970.11, SRDH2_78970.12, SRDH2_78970.13
OG0000524	STRK1_7820.1	SRDH2_14430.1, SRDH2_14430.2, SRDH2_14430.3
OG0000525	STRK1_54540.3, STRK1_54540.2, STRK1_54540.4, STRK1_54540.1, STRK1_54540.5	SRDH2_51550.1
OG0000526	STRK1_14230.1, STRK1_14230.2	SRDH2_17390.4, SRDH2_17390.5, SRDH2_17390.1, SRDH2_17390.2, SRDH2_17390.3, SRDH2_17390.7, SRDH2_17390.6
OG0000527	STRK1_3770.1	SRDH2_19480.10, SRDH2_19480.11, SRDH2_19480.3, SRDH2_19480.4, SRDH2_19480.5, SRDH2_19480.7, SRDH2_19480.6, SRDH2_19480.8, SRDH2_19480.9, SRDH2_19480.1, SRDH2_19480.2
OG0000528	STRK1_31650.1	SRDH2_36450.19, SRDH2_36450.11, SRDH2_36450.3, SRDH2_36450.4, SRDH2_36450.1, SRDH2_36450.10, SRDH2_36450.2, SRDH2_36450.5, SRDH2_36450.6, SRDH2_36450.8, SRDH2_36450.9, SRDH2_36450.12, SRDH2_36450.13, SRDH2_36450.7, SRDH2_36450.17, SRDH2_36450.18, SRDH2_36450.20, SRDH2_36450.16, SRDH2_36450.14, SRDH2_36450.15
OG0000529	STRK1_2970.1	SRDH2_16190.1
OG0000529	STRK1_22660.3	SRDH2_25910.1
OG0000530	STRK1_94810.1	SRDH2_96420.1
OG0000530	STRK1_92620.1, STRK1_92970.1	SRDH2_99210.1, SRDH2_99230.1, SRDH2_99220.1
OG0000531	STRK1_74880.1	SRDH2_79680.3, SRDH2_79680.1, SRDH2_79680.4, SRDH2_79680.2
OG0000532	STRK1_6670.1	SRDH2_140.1, SRDH2_140.2, SRDH2_140.3, SRDH2_140.4, SRDH2_140.5, SRDH2_5000.7, SRDH2_5000.4, SRDH2_5000.5, SRDH2_5000.3, SRDH2_5000.2, SRDH2_5000.6, SRDH2_5000.8, SRDH2_5000.1
OG0000533	STRK1_2020.1, STRK1_2020.2, STRK1_2020.3	SRDH2_19650.11, SRDH2_19650.2, SRDH2_19650.3, SRDH2_19650.4, SRDH2_19650.7, SRDH2_19650.5, SRDH2_19650.6, SRDH2_19650.10, SRDH2_19650.8, SRDH2_19650.9, SRDH2_19650.1
OG0000534	STRK1_102840.1, STRK1_68810.1, STRK1_68820.1	SRDH2_74790.1
OG0000535	STRK1_56300.1, STRK1_56300.2	SRDH2_60400.1, SRDH2_60440.1
OG0000536	STRK1_59070.1	SRDH2_66490.11, SRDH2_66490.13, SRDH2_66490.6, SRDH2_66490.5, SRDH2_66490.7, SRDH2_66490.10, SRDH2_66490.9, SRDH2_66490.1, SRDH2_66490.12, SRDH2_66490.2, SRDH2_66490.3, SRDH2_66490.4, SRDH2_66490.8
OG0000537	STRK1_47810.2, STRK1_47810.1, STRK1_47810.3	SRDH2_54400.3, SRDH2_54400.17, SRDH2_54400.1, SRDH2_54400.7, SRDH2_54400.14, SRDH2_54400.11, SRDH2_54400.6, SRDH2_54400.8, SRDH2_54400.15, SRDH2_54400.16, SRDH2_54400.10, SRDH2_54400.18, SRDH2_54400.5, SRDH2_54400.4, SRDH2_54400.9, SRDH2_54400.2, SRDH2_54400.13, SRDH2_54400.12
OG0000538	STRK1_83160.1, STRK1_83140.1, STRK1_83190.1	SRDH2_95610.1, SRDH2_101360.1, SRDH2_101360.2, SRDH2_95640.1, SRDH2_95630.1, SRDH2_71940.2, SRDH2_71940.4, SRDH2_71940.3, SRDH2_71940.1, SRDH2_57040.1, SRDH2_71970.1
OG0000539	STRK1_44830.1, STRK1_99010.1	SRDH2_47540.1, SRDH2_47540.2, SRDH2_47540.3
OG0000540	STRK1_3360.1	SRDH2_5770.4, SRDH2_5770.5, SRDH2_5770.1, SRDH2_5770.3, SRDH2_5770.2, SRDH2_5770.6, SRDH2_5770.8, SRDH2_5770.11, SRDH2_5770.7, SRDH2_5770.10, SRDH2_5770.12, SRDH2_5770.9
OG0000541	STRK1_37050.2, STRK1_37050.1, STRK1_37050.3	SRDH2_29190.6, SRDH2_29190.7, SRDH2_29190.1, SRDH2_29190.3, SRDH2_29190.4, SRDH2_29190.2, SRDH2_29190.5
OG0000542	STRK1_84850.1	SRDH2_90210.1
OG0000543	STRK1_4650.1	SRDH2_15640.1, SRDH2_15640.2
OG0000544	STRK1_106880.1	SRDH2_81940.6, SRDH2_81940.9, SRDH2_81940.1, SRDH2_81940.10, SRDH2_81940.2, SRDH2_81940.4, SRDH2_81940.5, SRDH2_81940.7, SRDH2_81940.8, SRDH2_81940.11, SRDH2_81940.3
OG0000545	STRK1_44550.1	SRDH2_47320.1
OG0000545	STRK1_67630.1, STRK1_67630.2	SRDH2_71540.1
OG0000546	STRK1_30390.3	SRDH2_29920.2, SRDH2_29920.5, SRDH2_29920.4, SRDH2_29920.6, SRDH2_29920.7
OG0000547	STRK1_85510.1	SRDH2_91520.8, SRDH2_91520.5, SRDH2_91520.16, SRDH2_91520.15, SRDH2_91520.4, SRDH2_91520.7, SRDH2_91520.2, SRDH2_91520.14, SRDH2_91520.12, SRDH2_91520.1, SRDH2_91520.3, SRDH2_91520.6, SRDH2_91520.13, SRDH2_91520.11, SRDH2_91520.9, SRDH2_91520.10
OG0000548	STRK1_30290.1, STRK1_30290.2	SRDH2_30030.5, SRDH2_30030.6, SRDH2_30030.8, SRDH2_30030.9, SRDH2_30030.10, SRDH2_30030.4, SRDH2_30030.1, SRDH2_30030.3, SRDH2_30030.7, SRDH2_30030.11, SRDH2_30030.12, SRDH2_30030.13, SRDH2_30030.2
OG0000549	STRK1_10270.1, STRK1_10260.1, STRK1_10260.2, STRK1_10260.3, STRK1_10260.4	SRDH2_11350.1, SRDH2_11350.2, SRDH2_11350.3
OG0000550	STRK1_2100.1, STRK1_2100.2	SRDH2_19140.7, SRDH2_19140.3, SRDH2_19140.4, SRDH2_19140.5, SRDH2_19140.6
OG0000550	STRK1_2110.1	SRDH2_19140.1, SRDH2_19140.2
OG0000551	STRK1_50540.1	SRDH2_66230.1
OG0000551	STRK1_104720.1	SRDH2_39430.1
OG0000552	STRK1_3140.2	SRDH2_5570.2
OG0000552	STRK1_3140.1, STRK1_3140.3	SRDH2_5570.1
OG0000552	STRK1_83390.1	SRDH2_88960.1
OG0000553	STRK1_90980.1	SRDH2_97900.2, SRDH2_97900.1, SRDH2_97900.3
OG0000553	STRK1_91000.1	SRDH2_97900.4, SRDH2_97900.5, SRDH2_97900.6
OG0000554	STRK1_10400.2, STRK1_10400.1, STRK1_10400.3	SRDH2_11470.1, SRDH2_11470.2, SRDH2_11470.3
OG0000555	STRK1_40410.1	SRDH2_43820.1, SRDH2_43820.2, SRDH2_43820.3
OG0000556	STRK1_58920.1	SRDH2_66370.20, SRDH2_66370.1, SRDH2_66370.10, SRDH2_66370.11, SRDH2_66370.12, SRDH2_66370.13, SRDH2_66370.14, SRDH2_66370.15, SRDH2_66370.2, SRDH2_66370.3, SRDH2_66370.4, SRDH2_66370.5, SRDH2_66370.6, SRDH2_66370.7, SRDH2_66370.8, SRDH2_66370.9, SRDH2_66370.18, SRDH2_66370.16, SRDH2_66370.21, SRDH2_66370.22, SRDH2_66370.19, SRDH2_66370.17, SRDH2_66370.23, SRDH2_66370.26, SRDH2_66370.25, SRDH2_66370.27, SRDH2_66370.24
OG0000557	STRK1_33500.1, STRK1_33510.1	SRDH2_37240.3, SRDH2_37240.1, SRDH2_37240.7, SRDH2_37240.8, SRDH2_37240.2, SRDH2_37240.5, SRDH2_37240.6, SRDH2_37240.9, SRDH2_37240.4
OG0000558	STRK1_4080.1, STRK1_4080.2	SRDH2_18270.14, SRDH2_18270.9, SRDH2_18270.12, SRDH2_18270.13, SRDH2_18270.5, SRDH2_18270.1, SRDH2_18270.2, SRDH2_18270.3, SRDH2_18270.8, SRDH2_18270.6, SRDH2_18270.10, SRDH2_18270.11, SRDH2_18270.4, SRDH2_18270.7
OG0000559	STRK1_78900.1	SRDH2_83450.3, SRDH2_83450.9, SRDH2_83450.1, SRDH2_83450.2, SRDH2_83450.4, SRDH2_83450.5, SRDH2_83450.6, SRDH2_83450.7, SRDH2_83450.8
OG0000560	STRK1_90490.1	SRDH2_99630.1, SRDH2_99630.4, SRDH2_99630.7, SRDH2_99630.8, SRDH2_99630.2, SRDH2_99630.6, SRDH2_99630.3, SRDH2_99630.5
OG0000561	STRK1_94500.1	SRDH2_98330.1
OG0000561	STRK1_94490.1, STRK1_94490.2	SRDH2_98340.1, SRDH2_98340.2, SRDH2_98340.3, SRDH2_98340.4
OG0000562	STRK1_81860.3, STRK1_81860.2, STRK1_81860.1	SRDH2_87420.1
OG0000563	STRK1_18270.1	SRDH2_20470.1, SRDH2_20470.2, SRDH2_20470.3, SRDH2_20470.4, SRDH2_20470.6, SRDH2_20470.5, SRDH2_20470.7, SRDH2_20470.8
OG0000564	STRK1_41560.1, STRK1_97520.1	SRDH2_42280.14, SRDH2_42280.8, SRDH2_42280.11, SRDH2_42280.1, SRDH2_42280.2, SRDH2_42280.12, SRDH2_42280.13, SRDH2_42280.4, SRDH2_42280.10, SRDH2_42280.5, SRDH2_42280.6, SRDH2_42280.3, SRDH2_42280.9, SRDH2_42280.7
OG0000565	STRK1_16670.1, STRK1_16670.2	SRDH2_3520.1
OG0000566	STRK1_80890.1, STRK1_80040.1	SRDH2_84510.1, SRDH2_84510.2, SRDH2_84510.3, SRDH2_84510.4, SRDH2_84510.5, SRDH2_84510.6
OG0000567	STRK1_63470.2, STRK1_63470.3	SRDH2_66280.5, SRDH2_66280.2, SRDH2_66280.1, SRDH2_66280.4, SRDH2_66280.3
OG0000568	STRK1_53100.1, STRK1_53100.2	SRDH2_58250.1
OG0000568	STRK1_64870.1	SRDH2_69110.1, SRDH2_69110.2
OG0000568	STRK1_35890.1	SRDH2_32530.1
OG0000569	STRK1_9030.1	SRDH2_9940.1
OG0000570	STRK1_8350.1	SRDH2_14970.1
OG0000571	STRK1_12050.1, STRK1_12050.2, STRK1_12050.3	SRDH2_9210.8, SRDH2_9210.6, SRDH2_9210.11, SRDH2_9210.7, SRDH2_9210.9, SRDH2_9210.12, SRDH2_9210.1, SRDH2_9210.10, SRDH2_9210.2, SRDH2_9210.3, SRDH2_9210.4, SRDH2_9210.5
OG0000572	STRK1_57000.1, STRK1_57000.2, STRK1_57000.3, STRK1_57000.4	SRDH2_60950.1
OG0000574	STRK1_17180.1	SRDH2_3010.1
OG0000575	STRK1_91120.1	SRDH2_97790.1
OG0000576	STRK1_39810.1	SRDH2_44390.12, SRDH2_44390.13, SRDH2_44390.4, SRDH2_44390.2, SRDH2_44390.8, SRDH2_44390.14, SRDH2_44390.5, SRDH2_44390.3, SRDH2_44390.18, SRDH2_44390.16, SRDH2_44390.6, SRDH2_44390.1, SRDH2_44390.11, SRDH2_44390.7, SRDH2_44390.17, SRDH2_44390.10, SRDH2_44390.9, SRDH2_44390.15
OG0000577	STRK1_47390.1	SRDH2_53000.1, SRDH2_53000.4, SRDH2_53000.6, SRDH2_53000.10, SRDH2_53000.2, SRDH2_53000.5, SRDH2_53000.8, SRDH2_53000.9, SRDH2_53000.3, SRDH2_53000.7, SRDH2_53000.13, SRDH2_53000.12, SRDH2_53000.11, SRDH2_53000.16, SRDH2_53000.14, SRDH2_53000.15
OG0000579	STRK1_72330.1, STRK1_73310.1, STRK1_73330.1	SRDH2_77380.1, SRDH2_100180.1, SRDH2_100160.1, SRDH2_100140.1, SRDH2_77420.1, SRDH2_77410.1
OG0000580	STRK1_41250.1	SRDH2_39350.3, SRDH2_39350.1, SRDH2_39350.2
OG0000580	STRK1_31450.1, STRK1_31450.2	SRDH2_36230.1, SRDH2_36230.4, SRDH2_36230.2, SRDH2_36230.3
OG0000581	STRK1_60330.1	SRDH2_62630.1
OG0000582	STRK1_93980.1	SRDH2_85320.1
OG0000582	STRK1_93990.1	SRDH2_85340.1
OG0000582	STRK1_94000.1	SRDH2_85360.1
OG0000583	STRK1_59930.1, STRK1_59930.2	SRDH2_62260.6, SRDH2_62260.2, SRDH2_62260.3, SRDH2_62260.8, SRDH2_62260.10, SRDH2_62260.11, SRDH2_62260.13, SRDH2_62260.7, SRDH2_62260.5, SRDH2_62260.1, SRDH2_62260.14, SRDH2_62260.4, SRDH2_62260.9, SRDH2_62260.12
OG0000584	STRK1_27120.1	SRDH2_28870.1
OG0000585	STRK1_3500.1	SRDH2_5950.2, SRDH2_5950.4, SRDH2_5950.5, SRDH2_5950.6, SRDH2_5950.7, SRDH2_5950.8, SRDH2_5950.9, SRDH2_5950.1, SRDH2_5950.3
OG0000586	STRK1_32640.1	SRDH2_31400.1, SRDH2_31400.2, SRDH2_31400.5, SRDH2_31400.3, SRDH2_31400.4, SRDH2_31400.7, SRDH2_31400.6, SRDH2_31400.8
OG0000587	STRK1_62070.1	SRDH2_67310.1
OG0000588	STRK1_20980.2, STRK1_20980.1, STRK1_20980.3	SRDH2_21890.1, SRDH2_21910.1
OG0000589	STRK1_48610.1	SRDH2_55920.2, SRDH2_55920.3, SRDH2_55920.1
OG0000590	STRK1_36700.1	SRDH2_29560.1
OG0000590	STRK1_38730.1	SRDH2_40800.1
OG0000591	STRK1_16660.1, STRK1_16660.3, STRK1_16660.4, STRK1_16660.2, STRK1_16660.5, STRK1_16660.6	SRDH2_3530.12, SRDH2_3530.4, SRDH2_3530.1, SRDH2_3530.11, SRDH2_3530.3, SRDH2_3530.6, SRDH2_3530.8, SRDH2_3530.13, SRDH2_3530.14, SRDH2_3530.2, SRDH2_3530.5, SRDH2_3530.7, SRDH2_3530.9, SRDH2_3530.10
OG0000592	STRK1_29140.1	SRDH2_31230.1, SRDH2_31230.7, SRDH2_31230.8, SRDH2_31230.2, SRDH2_31230.3, SRDH2_31230.6, SRDH2_31230.4, SRDH2_31230.5
OG0000593	STRK1_31930.1	SRDH2_36740.1
OG0000594	STRK1_49860.1, STRK1_49860.2	SRDH2_50120.4, SRDH2_50120.10, SRDH2_50120.8, SRDH2_50120.3, SRDH2_50120.9, SRDH2_50120.7, SRDH2_50120.6, SRDH2_50120.5, SRDH2_50120.1, SRDH2_50120.11, SRDH2_50120.2
OG0000595	STRK1_45800.1, STRK1_45800.2	SRDH2_48500.1, SRDH2_48500.2
OG0000598	STRK1_8170.1	SRDH2_14800.1
OG0000599	STRK1_59360.1, STRK1_59360.2, STRK1_59370.1, STRK1_59380.1	SRDH2_64220.10, SRDH2_64220.4, SRDH2_64220.3, SRDH2_64220.9, SRDH2_64220.6, SRDH2_64220.1, SRDH2_64220.5, SRDH2_64220.2, SRDH2_64220.7, SRDH2_64220.8, SRDH2_64220.11, SRDH2_64220.12
OG0000600	STRK1_66100.1	SRDH2_68440.2, SRDH2_68440.1
OG0000601	STRK1_94580.1	SRDH2_98250.1
OG0000601	STRK1_39100.1	SRDH2_41220.1, SRDH2_41210.2, SRDH2_41210.3, SRDH2_41210.4, SRDH2_41210.1
OG0000602	STRK1_4630.1	SRDH2_15670.8, SRDH2_15670.5, SRDH2_15670.2, SRDH2_15670.9, SRDH2_15670.3, SRDH2_15670.10, SRDH2_15670.11, SRDH2_15670.4, SRDH2_15670.1, SRDH2_15670.6, SRDH2_15670.7
OG0000603	STRK1_48520.1	SRDH2_51390.12, SRDH2_51390.10, SRDH2_51390.7, SRDH2_51390.13, SRDH2_51390.9, SRDH2_51390.8, SRDH2_51390.1, SRDH2_51390.2, SRDH2_51390.3, SRDH2_51390.11, SRDH2_51390.5, SRDH2_51390.6, SRDH2_51390.4
OG0000604	STRK1_109760.2, STRK1_109760.1, STRK1_109760.3	SRDH2_39550.10, SRDH2_39550.11, SRDH2_39550.15, SRDH2_39550.1, SRDH2_39550.9, SRDH2_39550.13, SRDH2_39550.12, SRDH2_39550.4, SRDH2_39550.5, SRDH2_39550.2, SRDH2_39550.14, SRDH2_39550.3, SRDH2_39550.6, SRDH2_39550.7, SRDH2_39550.8
OG0000605	STRK1_25160.1	SRDH2_27960.1, SRDH2_27960.2, SRDH2_27960.3
OG0000605	STRK1_25220.1, STRK1_25220.2	SRDH2_27920.1
OG0000606	STRK1_15350.1	SRDH2_110.1
OG0000606	STRK1_15350.1	SRDH2_110.2
OG0000607	STRK1_32580.1	SRDH2_31460.5, SRDH2_31460.2, SRDH2_31460.7, SRDH2_31460.9, SRDH2_31460.8, SRDH2_31460.1, SRDH2_31460.3, SRDH2_31460.6, SRDH2_31460.4
OG0000608	STRK1_52140.1, STRK1_52120.1, STRK1_52120.2	SRDH2_51790.10, SRDH2_51790.2, SRDH2_51790.4, SRDH2_51790.5, SRDH2_51790.6, SRDH2_51790.12, SRDH2_51790.11, SRDH2_51790.3, SRDH2_51790.7, SRDH2_51790.8, SRDH2_51790.9, SRDH2_51790.1
OG0000609	STRK1_98450.1, STRK1_25320.1	SRDH2_27840.5, SRDH2_27840.6, SRDH2_27840.4, SRDH2_27840.2, SRDH2_27840.7, SRDH2_27840.3, SRDH2_27840.8, SRDH2_27840.1
OG0000610	STRK1_26680.1	SRDH2_28620.1
OG0000610	STRK1_21440.4, STRK1_21540.1	SRDH2_23520.1
OG0000611	STRK1_40760.1	SRDH2_43480.2, SRDH2_43480.1
OG0000612	STRK1_12080.1	SRDH2_9160.5, SRDH2_9160.6, SRDH2_9160.9, SRDH2_9160.7, SRDH2_9160.4, SRDH2_9160.8, SRDH2_9160.3, SRDH2_9160.1, SRDH2_9160.2
OG0000613	STRK1_28000.1, STRK1_28000.2	SRDH2_37860.1
OG0000614	STRK1_42910.1	SRDH2_44550.1, SRDH2_44550.2, SRDH2_44550.3, SRDH2_44550.4
OG0000615	STRK1_8510.1, STRK1_8510.2	SRDH2_15160.2, SRDH2_15160.9, SRDH2_15160.8, SRDH2_15160.1, SRDH2_15160.5, SRDH2_15160.6, SRDH2_15160.3, SRDH2_15160.4, SRDH2_15160.7
OG0000616	STRK1_108810.1, STRK1_58200.1, STRK1_104970.1, STRK1_58190.1, STRK1_103510.1, STRK1_103510.2	SRDH2_61720.6, SRDH2_61720.2, SRDH2_61720.9, SRDH2_61720.7, SRDH2_61720.8, SRDH2_61720.10, SRDH2_61720.11, SRDH2_61720.12, SRDH2_61720.14, SRDH2_61720.13, SRDH2_61720.4, SRDH2_61720.3, SRDH2_61720.5, SRDH2_61720.1
OG0000617	STRK1_79620.1	SRDH2_83990.2, SRDH2_83990.1
OG0000618	STRK1_31250.3, STRK1_31250.2, STRK1_31250.1, STRK1_31250.6, STRK1_31250.5, STRK1_31250.4	SRDH2_34050.1
OG0000620	STRK1_4430.1	SRDH2_15860.2, SRDH2_15860.3, SRDH2_15860.1
OG0000620	STRK1_43590.1, STRK1_98020.1, STRK1_99350.1	SRDH2_46120.2, SRDH2_46120.3, SRDH2_46120.1
OG0000621	STRK1_29970.1, STRK1_29970.2	SRDH2_30470.4, SRDH2_30470.15, SRDH2_30470.12, SRDH2_30470.14, SRDH2_30470.10, SRDH2_30470.11, SRDH2_30470.13, SRDH2_30470.2, SRDH2_30470.3, SRDH2_30470.5, SRDH2_30470.6, SRDH2_30470.7, SRDH2_30470.1, SRDH2_30470.8, SRDH2_30470.9
OG0000622	STRK1_71460.1	SRDH2_75250.1
OG0000623	STRK1_8330.1	SRDH2_14950.10, SRDH2_14950.5, SRDH2_14950.6, SRDH2_14950.7, SRDH2_14950.8, SRDH2_14950.9, SRDH2_14950.4, SRDH2_14950.3, SRDH2_14950.1, SRDH2_14950.2
OG0000624	STRK1_36900.1	SRDH2_29350.1, SRDH2_29350.3, SRDH2_29350.2, SRDH2_29350.4, SRDH2_29350.5
OG0000625	STRK1_33590.1	SRDH2_37510.1, SRDH2_37510.2, SRDH2_37510.3, SRDH2_37510.4, SRDH2_37510.5
OG0000626	STRK1_48800.1	SRDH2_55740.1, SRDH2_55740.2
OG0000627	STRK1_5540.1, STRK1_5540.2, STRK1_5540.3	SRDH2_13770.4, SRDH2_13770.1, SRDH2_13770.3
OG0000628	STRK1_60390.1, STRK1_60390.2	SRDH2_62710.2, SRDH2_62710.3, SRDH2_62710.5, SRDH2_62710.6, SRDH2_62710.16, SRDH2_62710.13, SRDH2_62710.15, SRDH2_62710.9, SRDH2_62710.14, SRDH2_62710.11, SRDH2_62710.10, SRDH2_62710.1, SRDH2_62710.4, SRDH2_62710.7, SRDH2_62710.8, SRDH2_62710.12
OG0000629	STRK1_28610.1	SRDH2_39010.6, SRDH2_39010.8, SRDH2_39010.14, SRDH2_39010.9, SRDH2_39010.15, SRDH2_39010.13, SRDH2_39010.7, SRDH2_39010.12, SRDH2_39010.4, SRDH2_39010.1, SRDH2_39010.10, SRDH2_39010.11, SRDH2_39010.2, SRDH2_39010.3, SRDH2_39010.5
OG0000630	STRK1_57470.1	SRDH2_60460.1, SRDH2_60460.2
OG0000631	STRK1_58990.1	SRDH2_66410.1
OG0000631	STRK1_60430.1	SRDH2_62740.1, SRDH2_62740.2, SRDH2_62740.3, SRDH2_62740.4
OG0000632	STRK1_11850.1	SRDH2_15270.3, SRDH2_15270.4, SRDH2_15270.10, SRDH2_15270.2, SRDH2_15270.5, SRDH2_15270.1, SRDH2_15270.6, SRDH2_15270.9, SRDH2_15270.7, SRDH2_15270.8
OG0000633	STRK1_46900.1	SRDH2_53500.2, SRDH2_53500.1, SRDH2_53500.3, SRDH2_53500.4
OG0000636	STRK1_90940.1	SRDH2_97960.2, SRDH2_97960.4, SRDH2_97960.3, SRDH2_97960.1, SRDH2_97960.6, SRDH2_97960.5
OG0000637	STRK1_49610.1, STRK1_49610.2	SRDH2_50390.1
OG0000638	STRK1_58720.1	SRDH2_67670.1
OG0000639	STRK1_65490.1	SRDH2_63410.13, SRDH2_63410.14, SRDH2_63410.3, SRDH2_63410.4, SRDH2_63410.11, SRDH2_63410.15, SRDH2_63410.12, SRDH2_63410.7, SRDH2_63410.8, SRDH2_63410.17, SRDH2_63410.6, SRDH2_63410.10, SRDH2_63410.5, SRDH2_63410.9, SRDH2_63410.2, SRDH2_63410.1, SRDH2_63410.16, SRDH2_63410.18
OG0000640	STRK1_81880.1	SRDH2_87460.1, SRDH2_87020.1
OG0000641	STRK1_5970.1	SRDH2_6740.1
OG0000641	STRK1_15740.1	SRDH2_4580.1
OG0000642	STRK1_65430.6, STRK1_65430.1, STRK1_65430.2, STRK1_65430.4, STRK1_65430.3, STRK1_65430.7, STRK1_65430.5	SRDH2_63480.1, SRDH2_63480.2, SRDH2_63480.10, SRDH2_63480.5, SRDH2_63480.3, SRDH2_63480.4, SRDH2_63480.6, SRDH2_63480.7, SRDH2_63480.8, SRDH2_63480.9
OG0000643	STRK1_46480.1, STRK1_46480.3, STRK1_46480.4, STRK1_46480.7, STRK1_46480.2, STRK1_46480.5, STRK1_46480.6	SRDH2_53990.1
OG0000643	STRK1_46470.1, STRK1_46470.2	SRDH2_54000.1, SRDH2_54000.2
OG0000644	STRK1_92740.1	SRDH2_98990.1
OG0000645	STRK1_9750.1	SRDH2_10740.2, SRDH2_10740.1
OG0000646	STRK1_12060.1	SRDH2_9200.1, SRDH2_9190.2, SRDH2_9190.3, SRDH2_9190.8, SRDH2_9190.7, SRDH2_9190.4, SRDH2_9190.5, SRDH2_9190.6, SRDH2_9190.1
OG0000647	STRK1_61240.1	SRDH2_63670.1, SRDH2_63670.2
OG0000648	STRK1_89640.1, STRK1_108500.1, STRK1_110830.1	SRDH2_95100.1, SRDH2_95100.4, SRDH2_95100.5, SRDH2_95100.3, SRDH2_95100.2
OG0000649	STRK1_57820.1, STRK1_97850.1, STRK1_57810.1	SRDH2_61460.1
OG0000650	STRK1_74790.1, STRK1_74800.1	SRDH2_79600.4, SRDH2_79600.5, SRDH2_79600.1, SRDH2_79600.2, SRDH2_79600.3, SRDH2_79600.8, SRDH2_79600.6, SRDH2_79600.7
OG0000651	STRK1_41900.1, STRK1_41880.1	SRDH2_42080.4, SRDH2_42080.2, SRDH2_42080.3, SRDH2_42080.5, SRDH2_42080.6, SRDH2_42080.1, SRDH2_42080.7, SRDH2_42080.8, SRDH2_42080.10, SRDH2_42080.9, SRDH2_42080.11
OG0000652	STRK1_35180.1	SRDH2_40370.7, SRDH2_40370.6, SRDH2_40370.2, SRDH2_40370.4, SRDH2_40370.3, SRDH2_40370.1, SRDH2_40370.5
OG0000653	STRK1_38880.1, STRK1_38890.1, STRK1_38890.2	SRDH2_41000.1, SRDH2_40990.2, SRDH2_40990.1, SRDH2_40990.3
OG0000654	STRK1_27750.2, STRK1_27750.4, STRK1_27750.3, STRK1_27750.1	SRDH2_38210.1
OG0000655	STRK1_79640.1	SRDH2_83950.1
OG0000656	STRK1_72250.1	SRDH2_77290.1, SRDH2_77290.6, SRDH2_77290.9, SRDH2_77290.7, SRDH2_77290.2, SRDH2_77290.3, SRDH2_77290.4, SRDH2_77290.8, SRDH2_77290.5
OG0000657	STRK1_86300.1	SRDH2_92510.1, SRDH2_92510.2, SRDH2_92510.5, SRDH2_92510.6, SRDH2_92510.3, SRDH2_92510.4
OG0000658	STRK1_7180.1	SRDH2_88500.1, SRDH2_1370.1, SRDH2_11200.1, SRDH2_28610.1, SRDH2_21430.1
OG0000659	STRK1_41670.1	SRDH2_42040.6, SRDH2_42040.7, SRDH2_42040.1, SRDH2_42040.11, SRDH2_42040.12, SRDH2_42040.13, SRDH2_42040.2, SRDH2_42040.3, SRDH2_42040.4, SRDH2_42040.8, SRDH2_42040.9, SRDH2_42040.5, SRDH2_42040.10, SRDH2_42040.14
OG0000663	STRK1_32940.1	SRDH2_31940.1
OG0000664	STRK1_13220.3, STRK1_13220.1, STRK1_13220.2	SRDH2_14340.3, SRDH2_14340.1, SRDH2_14340.2, SRDH2_14340.10, SRDH2_14340.9, SRDH2_14340.5, SRDH2_14340.6, SRDH2_14340.4, SRDH2_14340.8, SRDH2_14340.7
OG0000665	STRK1_71810.1	SRDH2_72630.1
OG0000666	STRK1_65480.1, STRK1_65480.2	SRDH2_63400.5, SRDH2_63400.1, SRDH2_63400.3, SRDH2_63400.2, SRDH2_63400.6, SRDH2_63400.4
OG0000667	STRK1_5720.10, STRK1_5720.11, STRK1_5720.8, STRK1_5720.7, STRK1_5720.6, STRK1_5720.1, STRK1_5720.4, STRK1_5720.5, STRK1_5720.2, STRK1_5720.3, STRK1_5720.9	SRDH2_6290.1
OG0000668	STRK1_46820.1	SRDH2_53580.1, SRDH2_53580.8, SRDH2_53580.4, SRDH2_53580.6, SRDH2_53580.7, SRDH2_53580.2, SRDH2_53580.3, SRDH2_53580.5, SRDH2_53580.10, SRDH2_53580.9
OG0000669	STRK1_101300.1, STRK1_65750.1, STRK1_65750.2	SRDH2_70300.1, SRDH2_70300.2, SRDH2_70300.5, SRDH2_70300.3, SRDH2_70300.4
OG0000670	STRK1_42860.1	SRDH2_44880.1
OG0000671	STRK1_71160.1	SRDH2_78560.6, SRDH2_78560.1, SRDH2_78560.11, SRDH2_78560.10, SRDH2_78560.4, SRDH2_78560.8, SRDH2_78560.9, SRDH2_78560.3, SRDH2_78560.5, SRDH2_78560.2, SRDH2_78560.7
OG0000672	STRK1_41990.3, STRK1_41990.1, STRK1_41990.2	SRDH2_44470.4, SRDH2_44470.5, SRDH2_44470.9, SRDH2_44470.6, SRDH2_44470.8, SRDH2_44470.7, SRDH2_44470.1, SRDH2_44470.3, SRDH2_44470.2
OG0000673	STRK1_14940.1	SRDH2_16600.1
OG0000674	STRK1_72430.1	SRDH2_80150.1, SRDH2_80150.2, SRDH2_80150.7, SRDH2_80150.3, SRDH2_80150.4, SRDH2_80150.5, SRDH2_80150.6
OG0000675	STRK1_69980.1	SRDH2_73540.1, SRDH2_73540.2, SRDH2_73540.3, SRDH2_73540.5, SRDH2_73540.6, SRDH2_73540.4, SRDH2_73540.7, SRDH2_73540.8
OG0000676	STRK1_79710.1	SRDH2_83890.1, SRDH2_83890.2, SRDH2_83890.3, SRDH2_83890.4, SRDH2_83890.5, SRDH2_83890.6, SRDH2_83890.7, SRDH2_83890.8, SRDH2_83890.9
OG0000677	STRK1_6960.1, STRK1_6960.2	SRDH2_5290.1, SRDH2_5300.3, SRDH2_5300.2, SRDH2_5300.1
OG0000678	STRK1_35440.1	SRDH2_38460.7, SRDH2_38460.2, SRDH2_38460.6, SRDH2_38460.5, SRDH2_38460.1, SRDH2_38460.3, SRDH2_38460.4
OG0000679	STRK1_69990.1, STRK1_69990.2, STRK1_69990.3, STRK1_69990.6, STRK1_69990.7, STRK1_69990.4, STRK1_69990.5	SRDH2_73470.5, SRDH2_73470.7, SRDH2_73470.8, SRDH2_73470.3, SRDH2_73470.1, SRDH2_73470.2, SRDH2_73470.4, SRDH2_73470.6, SRDH2_73470.10, SRDH2_73470.11, SRDH2_73470.9
OG0000680	STRK1_14240.1	SRDH2_17380.1, SRDH2_17380.5, SRDH2_17380.6, SRDH2_17380.7, SRDH2_17380.2, SRDH2_17380.3, SRDH2_17380.8, SRDH2_17380.4
OG0000681	STRK1_35810.1, STRK1_35820.1	SRDH2_32450.4, SRDH2_32450.7, SRDH2_32450.3, SRDH2_32450.2, SRDH2_32450.5, SRDH2_32450.6, SRDH2_32450.1
OG0000682	STRK1_40930.1	SRDH2_43300.2, SRDH2_43300.3, SRDH2_43300.6, SRDH2_43300.5, SRDH2_43300.4, SRDH2_43300.7, SRDH2_43300.8, SRDH2_43300.1
OG0000683	STRK1_97380.1	SRDH2_56130.1
OG0000684	STRK1_81790.1	SRDH2_87330.1, SRDH2_87330.2
OG0000685	STRK1_72060.1	SRDH2_77100.1
OG0000686	STRK1_58120.1	SRDH2_61630.4, SRDH2_61630.3, SRDH2_61630.2, SRDH2_61630.1
OG0000687	STRK1_25970.1	SRDH2_27200.3, SRDH2_27200.5, SRDH2_27200.4, SRDH2_27200.7, SRDH2_27200.6, SRDH2_27200.1, SRDH2_27200.2
OG0000688	STRK1_111400.1, STRK1_80900.1, STRK1_80900.3, STRK1_80900.2	SRDH2_660.1
OG0000689	STRK1_17190.1, STRK1_17190.2	SRDH2_3020.5, SRDH2_3020.6, SRDH2_3020.13, SRDH2_3020.14, SRDH2_3020.7, SRDH2_3020.9, SRDH2_3020.1, SRDH2_3020.10, SRDH2_3020.12, SRDH2_3020.2, SRDH2_3020.3, SRDH2_3020.4, SRDH2_3020.8, SRDH2_3020.11, SRDH2_3020.15
OG0000690	STRK1_107560.1, STRK1_21480.1	SRDH2_23480.2, SRDH2_23480.7, SRDH2_23480.1, SRDH2_23480.4, SRDH2_23480.6, SRDH2_23480.8, SRDH2_23480.5, SRDH2_23480.3
OG0000692	STRK1_14080.3, STRK1_14080.5, STRK1_14080.1, STRK1_14080.2, STRK1_14080.4, STRK1_14080.6	SRDH2_17530.1, SRDH2_17530.2, SRDH2_17530.3, SRDH2_17530.6, SRDH2_17530.4, SRDH2_17530.5
OG0000695	STRK1_92340.1	SRDH2_99540.1
OG0000695	STRK1_43260.1, STRK1_104100.1	SRDH2_45790.2, SRDH2_45790.3, SRDH2_45790.1
OG0000696	STRK1_15230.4, STRK1_15230.2, STRK1_15230.1, STRK1_15230.3, STRK1_15230.5	SRDH2_5500.1
OG0000697	STRK1_35220.1, STRK1_100100.1, STRK1_101490.1	SRDH2_40450.1
OG0000698	STRK1_4330.1, STRK1_4330.2	SRDH2_18520.1, SRDH2_18520.2, SRDH2_18520.10, SRDH2_18520.11, SRDH2_18520.12, SRDH2_18520.13, SRDH2_18520.6, SRDH2_18520.7, SRDH2_18520.8, SRDH2_18520.9, SRDH2_18520.14, SRDH2_18520.3, SRDH2_18520.5, SRDH2_18520.15, SRDH2_18520.4
OG0000699	STRK1_43850.1	SRDH2_46750.3, SRDH2_46750.1, SRDH2_46750.2
OG0000700	STRK1_24520.1	SRDH2_24350.1
OG0000700	STRK1_24510.1	SRDH2_24360.1
OG0000700	STRK1_24500.1	SRDH2_24370.1, SRDH2_24370.2
OG0000701	STRK1_60100.1, STRK1_60100.2	SRDH2_62420.2, SRDH2_62420.3, SRDH2_62420.4, SRDH2_62420.7, SRDH2_62420.1, SRDH2_62420.5, SRDH2_62420.6, SRDH2_62420.8
OG0000702	STRK1_102260.1, STRK1_106980.1, STRK1_83560.1	SRDH2_89410.19, SRDH2_89410.16, SRDH2_89410.13, SRDH2_89410.10, SRDH2_89410.14, SRDH2_89410.15, SRDH2_89410.18, SRDH2_89410.20, SRDH2_89410.9, SRDH2_89410.21, SRDH2_89410.3, SRDH2_89410.4, SRDH2_89410.6, SRDH2_89410.12, SRDH2_89410.2, SRDH2_89410.11, SRDH2_89410.17, SRDH2_89410.5, SRDH2_89410.7, SRDH2_89410.1, SRDH2_89410.8
OG0000703	STRK1_108920.1, STRK1_101270.1, STRK1_91410.1	SRDH2_190.1, SRDH2_190.3, SRDH2_190.2
OG0000704	STRK1_51000.1, STRK1_51000.2	SRDH2_49040.1, SRDH2_49040.2, SRDH2_49040.3
OG0000705	STRK1_3680.1, STRK1_3680.2, STRK1_3680.3	SRDH2_6190.1, SRDH2_6190.5, SRDH2_6190.3, SRDH2_6190.4, SRDH2_6190.2
OG0000706	STRK1_40610.1	SRDH2_43620.1
OG0000706	STRK1_46730.1, STRK1_46730.2	SRDH2_53670.1, SRDH2_53670.2, SRDH2_53670.3
OG0000707	STRK1_90300.1	SRDH2_97620.1, SRDH2_97620.2, SRDH2_97620.3
OG0000708	STRK1_27880.1, STRK1_27880.2, STRK1_27880.3	SRDH2_37730.1
OG0000709	STRK1_40300.3, STRK1_40300.1, STRK1_40300.2	SRDH2_43880.1, SRDH2_43880.2
OG0000710	STRK1_12920.1	SRDH2_8200.11, SRDH2_8200.5, SRDH2_8200.6, SRDH2_8200.9, SRDH2_8200.8, SRDH2_8200.10, SRDH2_8200.12, SRDH2_8200.4, SRDH2_8200.7, SRDH2_8200.3, SRDH2_8200.1, SRDH2_8200.2
OG0000711	STRK1_73610.1	SRDH2_76260.2, SRDH2_76260.1, SRDH2_76260.4, SRDH2_76260.5, SRDH2_76260.3
OG0000712	STRK1_47060.1	SRDH2_53320.1
OG0000713	STRK1_106160.1, STRK1_106160.4, STRK1_106160.5, STRK1_106160.3, STRK1_106160.2	SRDH2_73970.1
OG0000714	STRK1_44320.1	SRDH2_47070.2, SRDH2_47070.6, SRDH2_47070.9, SRDH2_47070.7, SRDH2_47070.3, SRDH2_47070.5, SRDH2_47070.1, SRDH2_47070.11, SRDH2_47070.4, SRDH2_47070.10, SRDH2_47070.8
OG0000715	STRK1_25380.1	SRDH2_27760.6, SRDH2_27760.5, SRDH2_27760.1, SRDH2_27760.2, SRDH2_27760.3, SRDH2_27760.4
OG0000716	STRK1_10990.1	SRDH2_11870.2, SRDH2_11870.1, SRDH2_11870.4, SRDH2_11870.5, SRDH2_11870.3
OG0000717	STRK1_57330.1	SRDH2_60610.1, SRDH2_60610.2, SRDH2_60610.3, SRDH2_60610.4, SRDH2_60610.5, SRDH2_60610.6, SRDH2_60610.7
OG0000718	STRK1_74460.1	SRDH2_76530.1
OG0000719	STRK1_110850.1, STRK1_54590.1, STRK1_95370.1, STRK1_95380.1	SRDH2_56140.4, SRDH2_56140.1, SRDH2_56140.2, SRDH2_56140.5, SRDH2_56140.7, SRDH2_56140.9, SRDH2_56140.6, SRDH2_56140.8, SRDH2_56140.3, SRDH2_56140.10
OG0000720	STRK1_70930.4, STRK1_70930.1, STRK1_70930.3, STRK1_70930.2	SRDH2_78850.1
OG0000721	STRK1_43410.1	SRDH2_46480.2, SRDH2_46480.4, SRDH2_46480.12, SRDH2_46480.7, SRDH2_46480.9, SRDH2_46480.13, SRDH2_46480.5, SRDH2_46480.8, SRDH2_46480.3, SRDH2_46480.1, SRDH2_46480.11, SRDH2_46480.6, SRDH2_46480.10
OG0000722	STRK1_15320.1	SRDH2_5400.1, SRDH2_5400.9, SRDH2_5400.10, SRDH2_5400.6, SRDH2_5400.2, SRDH2_5400.3, SRDH2_5400.4, SRDH2_5400.5, SRDH2_5400.7, SRDH2_5400.8
OG0000723	STRK1_71170.1	SRDH2_78550.1, SRDH2_78550.3, SRDH2_78550.4, SRDH2_78550.10, SRDH2_78550.8, SRDH2_78550.7, SRDH2_78550.5, SRDH2_78550.2, SRDH2_78550.9, SRDH2_78550.6
OG0000724	STRK1_41800.1	SRDH2_42140.1, SRDH2_42140.2, SRDH2_42140.3
OG0000725	STRK1_103760.1, STRK1_70860.1	SRDH2_78920.1
OG0000726	STRK1_30170.1	SRDH2_30220.1, SRDH2_30220.2
OG0000726	STRK1_30160.1	SRDH2_30230.1
OG0000727	STRK1_28700.1, STRK1_47990.1	SRDH2_38860.2, SRDH2_38860.3, SRDH2_38860.8, SRDH2_38860.12, SRDH2_38860.13, SRDH2_38860.1, SRDH2_38860.5, SRDH2_38860.6, SRDH2_38860.7, SRDH2_38860.10, SRDH2_38860.11, SRDH2_38860.9, SRDH2_38860.14, SRDH2_38860.4
OG0000728	STRK1_50850.1	SRDH2_49170.1
OG0000729	STRK1_12130.1	SRDH2_9110.1, SRDH2_9120.2, SRDH2_9120.1, SRDH2_9120.3
OG0000730	STRK1_58150.1, STRK1_58150.2, STRK1_58150.3, STRK1_58150.4	SRDH2_61680.1, SRDH2_61680.2, SRDH2_61680.3, SRDH2_61680.4
OG0000731	STRK1_22860.1, STRK1_73080.1	SRDH2_78130.12, SRDH2_78130.13, SRDH2_78130.10, SRDH2_78130.8, SRDH2_78130.1, SRDH2_78130.4, SRDH2_78130.3, SRDH2_78130.11, SRDH2_78130.2, SRDH2_78130.7, SRDH2_78130.6, SRDH2_78130.9, SRDH2_78130.5
OG0000733	STRK1_17230.1	SRDH2_2970.1, SRDH2_2970.2, SRDH2_2970.3, SRDH2_2970.4, SRDH2_2970.5
OG0000736	STRK1_72540.3, STRK1_72540.2, STRK1_72540.1	SRDH2_80070.2, SRDH2_80070.3, SRDH2_80070.4, SRDH2_80070.5, SRDH2_80070.6, SRDH2_80070.1, SRDH2_80070.9, SRDH2_80070.7, SRDH2_80070.8
OG0000737	STRK1_9250.1	SRDH2_10170.1
OG0000738	STRK1_67650.1	SRDH2_71450.1, SRDH2_71450.2
OG0000738	STRK1_67660.1	SRDH2_71460.1
OG0000739	STRK1_53030.1, STRK1_105530.1, STRK1_106440.1	SRDH2_56790.2, SRDH2_56790.1, SRDH2_56790.3, SRDH2_56790.4, SRDH2_56840.1
OG0000740	STRK1_12560.1	SRDH2_8610.1
OG0000741	STRK1_81500.1	SRDH2_86820.1
OG0000743	STRK1_21110.1	SRDH2_21800.11, SRDH2_21800.10, SRDH2_21800.1, SRDH2_21800.2, SRDH2_21800.3, SRDH2_21800.4, SRDH2_21800.5, SRDH2_21800.6, SRDH2_21800.7, SRDH2_21800.8, SRDH2_21800.9
OG0000744	STRK1_16570.1	SRDH2_3670.1, SRDH2_3670.3, SRDH2_3670.4, SRDH2_3670.7, SRDH2_3670.6, SRDH2_3670.10, SRDH2_3670.2, SRDH2_3670.5, SRDH2_3670.8, SRDH2_3670.9
OG0000745	STRK1_32980.1, STRK1_32980.2	SRDH2_31900.1, SRDH2_31900.2, SRDH2_31900.3, SRDH2_31900.4
OG0000747	STRK1_95490.1	SRDH2_43190.2, SRDH2_43190.3, SRDH2_43190.5, SRDH2_43190.1, SRDH2_43190.4, SRDH2_43190.6
OG0000748	STRK1_68020.1, STRK1_68030.1	SRDH2_72150.1
OG0000748	STRK1_68010.1, STRK1_68040.1	SRDH2_72110.1
OG0000749	STRK1_68230.1	SRDH2_71650.1
OG0000750	STRK1_75670.1	SRDH2_76160.3, SRDH2_76160.1, SRDH2_76160.6, SRDH2_76160.7, SRDH2_76160.2, SRDH2_76160.5, SRDH2_76160.4, SRDH2_76160.10, SRDH2_76160.9, SRDH2_76160.8
OG0000751	STRK1_15190.1, STRK1_15200.1	SRDH2_5530.1
OG0000751	STRK1_17510.1, STRK1_17530.1	SRDH2_2600.1, SRDH2_2690.1
OG0000752	STRK1_93720.1	SRDH2_96100.1
OG0000752	STRK1_93670.1	SRDH2_96150.5, SRDH2_96150.7, SRDH2_96150.8, SRDH2_96150.1, SRDH2_96150.2, SRDH2_96150.3, SRDH2_96150.4, SRDH2_96150.6
OG0000753	STRK1_80660.1	SRDH2_85130.1
OG0000754	STRK1_48550.1, STRK1_48550.2	SRDH2_51340.1
OG0000755	STRK1_72320.1, STRK1_72320.2	SRDH2_77360.1, SRDH2_77360.10, SRDH2_77360.2, SRDH2_77360.3, SRDH2_77360.4, SRDH2_77360.5, SRDH2_77360.6, SRDH2_77360.7, SRDH2_77360.8, SRDH2_77360.9
OG0000756	STRK1_37120.1	SRDH2_39150.1
OG0000757	STRK1_46930.1	SRDH2_53460.3, SRDH2_53460.2, SRDH2_53460.1
OG0000759	STRK1_47330.1, STRK1_47330.2, STRK1_47330.3	SRDH2_53070.9, SRDH2_53070.6, SRDH2_53070.7, SRDH2_53070.8, SRDH2_53070.1, SRDH2_53070.2, SRDH2_53070.3, SRDH2_53070.4, SRDH2_53070.5
OG0000760	STRK1_76420.1, STRK1_76420.2	SRDH2_80690.1, SRDH2_80690.2, SRDH2_80690.3, SRDH2_80690.4, SRDH2_80690.5
OG0000761	STRK1_51620.1	SRDH2_54660.2, SRDH2_54660.9, SRDH2_54660.8, SRDH2_54660.3, SRDH2_54660.5, SRDH2_54660.1, SRDH2_54660.7, SRDH2_54660.4, SRDH2_54660.6
OG0000762	STRK1_79480.1, STRK1_79480.2	SRDH2_84140.1
OG0000762	STRK1_85020.1	SRDH2_89980.1, SRDH2_89980.3, SRDH2_89980.2
OG0000763	STRK1_17860.1, STRK1_17860.2, STRK1_17870.1	SRDH2_20090.1
OG0000764	STRK1_11990.2, STRK1_11990.1, STRK1_11990.3	SRDH2_9280.2, SRDH2_9280.4, SRDH2_9280.6, SRDH2_9280.5, SRDH2_9280.3, SRDH2_9280.1
OG0000765	STRK1_47300.1, STRK1_47300.2	SRDH2_53090.2, SRDH2_53090.1
OG0000765	STRK1_47310.1	SRDH2_53080.1, SRDH2_53080.2
OG0000766	STRK1_64360.1	SRDH2_64640.2, SRDH2_64640.1, SRDH2_64640.3, SRDH2_64640.4, SRDH2_64640.5, SRDH2_64640.6
OG0000767	STRK1_62430.1, STRK1_97630.1	SRDH2_65780.8, SRDH2_65780.3, SRDH2_65780.5, SRDH2_65780.6, SRDH2_65780.1, SRDH2_65780.9, SRDH2_65780.4, SRDH2_65780.2, SRDH2_65780.7
OG0000768	STRK1_38340.1	SRDH2_40160.1
OG0000769	STRK1_19790.1, STRK1_110020.2, STRK1_54250.2, STRK1_110020.1, STRK1_54250.6, STRK1_54250.1, STRK1_54250.7, STRK1_54250.5, STRK1_54250.4, STRK1_54250.3	SRDH2_2210.1, SRDH2_2210.2, SRDH2_2210.3, SRDH2_2210.6, SRDH2_2210.7, SRDH2_2210.4, SRDH2_2210.5
OG0000770	STRK1_4150.1	SRDH2_18340.3, SRDH2_18340.4, SRDH2_18340.1, SRDH2_18340.2
OG0000771	STRK1_76540.1, STRK1_76550.1, STRK1_76530.1	SRDH2_82030.1
OG0000771	STRK1_76510.1	SRDH2_82060.1, SRDH2_82070.1
OG0000772	STRK1_91480.1, STRK1_91460.1, STRK1_91490.1, STRK1_103820.1, STRK1_96580.1	SRDH2_17240.1, SRDH2_17250.1, SRDH2_17280.1
OG0000773	STRK1_22450.1, STRK1_22450.3, STRK1_22450.4, STRK1_22450.2	SRDH2_26150.1, SRDH2_26150.2, SRDH2_26150.3, SRDH2_26150.4, SRDH2_26150.5
OG0000774	STRK1_45160.1, STRK1_45160.3, STRK1_45160.2, STRK1_45160.4	SRDH2_47950.2, SRDH2_47950.3, SRDH2_47950.4, SRDH2_47950.1, SRDH2_47950.5, SRDH2_47950.6
OG0000775	STRK1_51890.1, STRK1_51890.2	SRDH2_52660.1, SRDH2_52660.2, SRDH2_52660.3, SRDH2_52660.4, SRDH2_52660.6, SRDH2_52660.7, SRDH2_52660.5, SRDH2_52660.8
OG0000776	STRK1_43430.1	SRDH2_46510.1
OG0000776	STRK1_53190.1	SRDH2_58160.1, SRDH2_58160.2
OG0000777	STRK1_46620.1	SRDH2_53800.6, SRDH2_53800.5, SRDH2_53800.4, SRDH2_53800.1, SRDH2_53800.2, SRDH2_53800.3
OG0000778	STRK1_102510.1	SRDH2_23360.1
OG0000779	STRK1_16550.1	SRDH2_3760.2, SRDH2_3760.3, SRDH2_3760.7, SRDH2_3760.8, SRDH2_3760.6, SRDH2_3760.5, SRDH2_3760.1, SRDH2_3760.4
OG0000780	STRK1_4770.1	SRDH2_15470.2, SRDH2_15470.3, SRDH2_15470.4, SRDH2_15470.1, SRDH2_15470.5, SRDH2_15470.6
OG0000781	STRK1_10550.1	SRDH2_11570.1
OG0000781	STRK1_80860.1	SRDH2_490.1
OG0000782	STRK1_32050.1, STRK1_32050.2	SRDH2_36880.8, SRDH2_36880.6, SRDH2_36880.9, SRDH2_36880.14, SRDH2_36880.15, SRDH2_36880.16, SRDH2_36880.5, SRDH2_36880.7, SRDH2_36880.4, SRDH2_36880.1, SRDH2_36880.3, SRDH2_36880.11, SRDH2_36880.10, SRDH2_36880.12, SRDH2_36880.13, SRDH2_36880.2
OG0000783	STRK1_97490.2, STRK1_97490.1, STRK1_100560.1, STRK1_97610.1	SRDH2_51630.2, SRDH2_51630.1, SRDH2_51630.3, SRDH2_51630.4
OG0000784	STRK1_32120.1	SRDH2_36950.4, SRDH2_36950.5, SRDH2_36950.2, SRDH2_36950.7, SRDH2_36950.3, SRDH2_36950.6, SRDH2_36950.1
OG0000785	STRK1_57390.1	SRDH2_60530.1, SRDH2_60530.9, SRDH2_60530.10, SRDH2_60530.11, SRDH2_60530.6, SRDH2_60530.7, SRDH2_60530.5, SRDH2_60530.3, SRDH2_60530.12, SRDH2_60530.2, SRDH2_60530.8, SRDH2_60530.4
OG0000786	STRK1_38870.1	SRDH2_40980.4, SRDH2_40980.3, SRDH2_40980.1, SRDH2_40980.2, SRDH2_40980.5
OG0000787	STRK1_93530.1	SRDH2_96260.1, SRDH2_96260.2
OG0000788	STRK1_11650.1, STRK1_11650.2	SRDH2_12730.2, SRDH2_12730.1
OG0000789	STRK1_22630.1, STRK1_22630.2	SRDH2_25930.1, SRDH2_25930.2, SRDH2_25930.3, SRDH2_25930.4, SRDH2_25930.5
OG0000790	STRK1_37750.1	SRDH2_39480.1, SRDH2_39480.2, SRDH2_39480.3
OG0000791	STRK1_41080.1, STRK1_41080.2	SRDH2_43050.2, SRDH2_43050.3, SRDH2_43050.6, SRDH2_43050.7, SRDH2_43050.4, SRDH2_43050.5
OG0000792	STRK1_3290.1, STRK1_3290.2	SRDH2_5720.1
OG0000793	STRK1_37070.2, STRK1_37070.1, STRK1_37070.3	SRDH2_36140.1, SRDH2_36140.3, SRDH2_36140.2
OG0000794	STRK1_95980.1, STRK1_20360.1, STRK1_20360.2	SRDH2_10440.10, SRDH2_10440.3, SRDH2_10440.4, SRDH2_10440.5, SRDH2_10440.6, SRDH2_10440.7, SRDH2_10440.8, SRDH2_10440.9, SRDH2_10440.2, SRDH2_10440.1, SRDH2_10440.11
OG0000795	STRK1_93200.3, STRK1_93200.1, STRK1_93200.2	SRDH2_98680.1
OG0000796	STRK1_39650.1, STRK1_3040.1, STRK1_3050.1	SRDH2_16260.1, SRDH2_16270.1
OG0000796	STRK1_3020.1	SRDH2_16250.1
OG0000797	STRK1_100960.1, STRK1_18180.1	SRDH2_20390.1, SRDH2_20390.2
OG0000798	STRK1_760.3, STRK1_760.7, STRK1_760.4, STRK1_760.8, STRK1_760.5, STRK1_760.9, STRK1_760.10, STRK1_760.6, STRK1_760.2, STRK1_760.1	SRDH2_1350.1
OG0000799	STRK1_64610.1, STRK1_64610.3, STRK1_64610.2	SRDH2_69350.1, SRDH2_69350.2, SRDH2_69350.4, SRDH2_69350.3, SRDH2_69350.5
OG0000800	STRK1_9410.1	SRDH2_10360.2, SRDH2_10360.1
OG0000801	STRK1_2940.3, STRK1_2940.4, STRK1_2940.1, STRK1_2940.2	SRDH2_16160.3, SRDH2_16160.2, SRDH2_16160.1
OG0000802	STRK1_71570.1, STRK1_71570.2	SRDH2_75170.1
OG0000803	STRK1_104730.1, STRK1_106760.1	SRDH2_81130.2, SRDH2_81130.3, SRDH2_81130.4, SRDH2_81130.5, SRDH2_81130.6, SRDH2_81130.1
OG0000804	STRK1_39420.1	SRDH2_41630.8, SRDH2_41630.3, SRDH2_41630.5, SRDH2_41630.6, SRDH2_41630.4, SRDH2_41630.2, SRDH2_41630.1, SRDH2_41630.7
OG0000805	STRK1_31190.1	SRDH2_34000.1, SRDH2_34000.2
OG0000806	STRK1_72740.1	SRDH2_75550.2, SRDH2_75550.6, SRDH2_75550.7, SRDH2_75550.1, SRDH2_75550.4, SRDH2_75550.5, SRDH2_75550.3
OG0000807	STRK1_9170.1, STRK1_9170.2, STRK1_9170.3	SRDH2_10070.1, SRDH2_10060.1
OG0000808	STRK1_91870.1	SRDH2_96800.1
OG0000808	STRK1_91880.1	SRDH2_96810.1, SRDH2_96810.2, SRDH2_96810.3
OG0000809	STRK1_85160.1	SRDH2_91870.8, SRDH2_91870.1, SRDH2_91870.7, SRDH2_91870.3, SRDH2_91870.4, SRDH2_91870.5, SRDH2_91870.2, SRDH2_91870.6
OG0000810	STRK1_104610.1, STRK1_104610.3, STRK1_104610.2	SRDH2_25430.1
OG0000811	STRK1_10330.1	SRDH2_11410.1, SRDH2_11410.2, SRDH2_11410.5, SRDH2_11410.7, SRDH2_11410.8, SRDH2_11410.9, SRDH2_11410.3, SRDH2_11410.4, SRDH2_11410.6
OG0000812	STRK1_7770.1, STRK1_7770.2, STRK1_7770.3	SRDH2_13940.10, SRDH2_13940.1, SRDH2_13940.11, SRDH2_13940.3, SRDH2_13940.4, SRDH2_13940.6, SRDH2_13940.8, SRDH2_13940.9, SRDH2_13940.12, SRDH2_13940.2, SRDH2_13940.5, SRDH2_13940.7
OG0000813	STRK1_83220.1, STRK1_83220.2	SRDH2_89630.1, SRDH2_89630.2, SRDH2_89630.3, SRDH2_89630.4, SRDH2_89630.5
OG0000814	STRK1_103430.1, STRK1_63960.2, STRK1_63960.1, STRK1_63960.3	SRDH2_65100.4, SRDH2_65100.6, SRDH2_65100.7, SRDH2_65100.2, SRDH2_65100.8, SRDH2_65100.1, SRDH2_65100.5, SRDH2_65100.3
OG0000815	STRK1_104180.1, STRK1_57590.1, STRK1_99890.1	SRDH2_61190.5, SRDH2_61190.8, SRDH2_61190.9, SRDH2_61190.3, SRDH2_61190.4, SRDH2_61190.1, SRDH2_61190.2, SRDH2_61190.6, SRDH2_61190.7, SRDH2_61190.10, SRDH2_61190.13, SRDH2_61190.11, SRDH2_61190.12, SRDH2_61190.14
OG0000816	STRK1_81000.1	SRDH2_86370.2, SRDH2_86350.1, SRDH2_86370.5, SRDH2_86370.6, SRDH2_86370.7, SRDH2_86370.8, SRDH2_86370.9, SRDH2_86370.10, SRDH2_86370.11, SRDH2_86370.3, SRDH2_86370.4, SRDH2_86440.1, SRDH2_86370.1, SRDH2_86370.12, SRDH2_86380.1
OG0000817	STRK1_98380.1, STRK1_54860.1	SRDH2_91270.10, SRDH2_91270.1, SRDH2_91270.2, SRDH2_91270.3, SRDH2_91270.4, SRDH2_91270.5, SRDH2_91270.6, SRDH2_91270.7, SRDH2_91270.8, SRDH2_91270.9
OG0000818	STRK1_10780.1, STRK1_10780.2, STRK1_10780.4, STRK1_10780.5, STRK1_10780.6, STRK1_10780.8, STRK1_10780.3, STRK1_10780.7	SRDH2_12080.4, SRDH2_12080.5, SRDH2_12080.2, SRDH2_12080.7, SRDH2_12080.10, SRDH2_12080.11, SRDH2_12080.9, SRDH2_12080.3, SRDH2_12080.8, SRDH2_12080.1, SRDH2_12080.6
OG0000819	STRK1_62630.1	SRDH2_65960.1, SRDH2_65960.2, SRDH2_65960.3, SRDH2_65960.4, SRDH2_65960.6, SRDH2_65960.7, SRDH2_65960.5
OG0000820	STRK1_81800.1, STRK1_81800.2	SRDH2_87370.1
OG0000820	STRK1_23730.1	SRDH2_28290.1
OG0000821	STRK1_50080.1	SRDH2_49890.7, SRDH2_49890.3, SRDH2_49890.4, SRDH2_49890.5, SRDH2_49890.8, SRDH2_49890.1, SRDH2_49890.2, SRDH2_49890.6
OG0000822	STRK1_73600.1, STRK1_73600.4, STRK1_73600.3, STRK1_73600.2	SRDH2_76250.7, SRDH2_76250.2, SRDH2_76250.4, SRDH2_76250.1, SRDH2_76250.3, SRDH2_76250.5, SRDH2_76250.6, SRDH2_76250.8
OG0000823	STRK1_47700.1	SRDH2_52700.1
OG0000823	STRK1_93570.1	SRDH2_96220.1, SRDH2_96230.1
OG0000824	STRK1_17020.4, STRK1_17020.3, STRK1_17020.1, STRK1_17020.2	SRDH2_3190.1, SRDH2_3190.2
OG0000825	STRK1_74020.1, STRK1_74030.1	SRDH2_76870.3, SRDH2_76870.4, SRDH2_76870.2, SRDH2_76880.1, SRDH2_76870.5, SRDH2_76870.6, SRDH2_76870.1, SRDH2_76870.7, SRDH2_79030.1
OG0000826	STRK1_54850.1, STRK1_54850.2, STRK1_109910.1, STRK1_109920.1	SRDH2_56310.4, SRDH2_56310.7, SRDH2_56310.5, SRDH2_56310.2, SRDH2_56310.6, SRDH2_56310.8, SRDH2_56310.1, SRDH2_56310.3
OG0000827	STRK1_72230.1	SRDH2_77270.1
OG0000827	STRK1_72220.1	SRDH2_77260.1, SRDH2_77260.2, SRDH2_77260.3
OG0000828	STRK1_88370.1, STRK1_88390.1, STRK1_88380.1, STRK1_88400.1, STRK1_88420.1	SRDH2_92100.1, SRDH2_92090.1, SRDH2_23580.1, SRDH2_95770.1, SRDH2_71310.1, SRDH2_92110.1, SRDH2_92120.1, SRDH2_92130.1
OG0000829	STRK1_2380.12, STRK1_2380.7, STRK1_2380.1, STRK1_2380.10, STRK1_2380.11, STRK1_2380.2, STRK1_2380.3, STRK1_2380.8, STRK1_2380.9, STRK1_2380.4, STRK1_2380.5, STRK1_2380.6	SRDH2_18920.4, SRDH2_18920.6, SRDH2_18920.1, SRDH2_18920.5, SRDH2_18920.2, SRDH2_18920.3, SRDH2_18920.7, SRDH2_18920.8
OG0000830	STRK1_50330.1, STRK1_50330.2	SRDH2_49660.5, SRDH2_49660.3, SRDH2_49660.7, SRDH2_49660.8, SRDH2_49660.1, SRDH2_49660.2, SRDH2_49660.4, SRDH2_49660.6
OG0000831	STRK1_37510.1	SRDH2_42770.1, SRDH2_42770.3, SRDH2_42770.2, SRDH2_42770.4
OG0000832	STRK1_61620.1	SRDH2_61930.11, SRDH2_61930.3, SRDH2_61930.9, SRDH2_61930.2, SRDH2_61930.7, SRDH2_61930.10, SRDH2_61930.8, SRDH2_61930.4, SRDH2_61930.5, SRDH2_61930.1, SRDH2_61930.6
OG0000833	STRK1_34520.1, STRK1_108200.1, STRK1_108830.1, STRK1_34530.1	SRDH2_35200.1, SRDH2_35200.3, SRDH2_35200.5, SRDH2_35200.7, SRDH2_35200.10, SRDH2_35200.2, SRDH2_35200.4, SRDH2_35200.6, SRDH2_35200.8, SRDH2_35200.9
OG0000834	STRK1_50450.1	SRDH2_49470.2, SRDH2_49470.3, SRDH2_49470.5, SRDH2_49470.1, SRDH2_49470.4
OG0000835	STRK1_32970.1	SRDH2_31910.9, SRDH2_31910.2, SRDH2_31910.7, SRDH2_31910.4, SRDH2_31910.1, SRDH2_31910.8, SRDH2_31910.5, SRDH2_31910.6, SRDH2_31910.10, SRDH2_31910.3
OG0000836	STRK1_33660.1	SRDH2_37590.3, SRDH2_37590.1, SRDH2_37590.4, SRDH2_37590.5, SRDH2_37590.2
OG0000837	STRK1_31460.1	SRDH2_36250.1, SRDH2_36250.2, SRDH2_36250.4, SRDH2_36250.5, SRDH2_36250.6, SRDH2_36250.3
OG0000838	STRK1_41360.1	SRDH2_39250.1
OG0000839	STRK1_28880.1	SRDH2_38650.4, SRDH2_38650.3, SRDH2_38650.2, SRDH2_38650.5, SRDH2_38650.1
OG0000840	STRK1_68290.1, STRK1_68290.4, STRK1_68290.5, STRK1_68290.2, STRK1_68290.3, STRK1_68290.6	SRDH2_71720.1, SRDH2_71720.2, SRDH2_71720.3
OG0000841	STRK1_18580.1	SRDH2_20780.2, SRDH2_20780.1, SRDH2_20780.3
OG0000842	STRK1_64860.1, STRK1_64860.2	SRDH2_69130.3, SRDH2_69130.2, SRDH2_69130.1, SRDH2_69130.5, SRDH2_69130.6, SRDH2_69130.7, SRDH2_69130.4
OG0000843	STRK1_80160.1	SRDH2_84590.3, SRDH2_84590.5, SRDH2_84590.1, SRDH2_84590.2, SRDH2_84590.4
OG0000844	STRK1_15410.1	SRDH2_5320.7, SRDH2_5320.8, SRDH2_5320.4, SRDH2_5320.5, SRDH2_5320.1, SRDH2_5320.2, SRDH2_5320.3, SRDH2_5320.6
OG0000845	STRK1_86760.1, STRK1_86780.2, STRK1_86780.3	SRDH2_92860.1, SRDH2_92860.2, SRDH2_92860.3, SRDH2_92860.4
OG0000846	STRK1_14300.1	SRDH2_17340.1
OG0000847	STRK1_630.1	SRDH2_1250.9, SRDH2_1250.5, SRDH2_1250.2, SRDH2_1250.3, SRDH2_1250.12, SRDH2_1250.8, SRDH2_1250.1, SRDH2_1250.7, SRDH2_1250.10, SRDH2_1250.11, SRDH2_1250.13, SRDH2_1250.14, SRDH2_1250.4, SRDH2_1250.6
OG0000848	STRK1_35750.1	SRDH2_32410.3, SRDH2_32410.4, SRDH2_32410.6, SRDH2_32410.2, SRDH2_32410.5, SRDH2_32410.1
OG0000849	STRK1_41300.1	SRDH2_39300.3, SRDH2_39300.1, SRDH2_39300.4, SRDH2_39300.2
OG0000850	STRK1_25410.1	SRDH2_27730.8, SRDH2_27730.9, SRDH2_27730.2, SRDH2_27730.4, SRDH2_27730.5, SRDH2_27730.10, SRDH2_27730.1, SRDH2_27730.11, SRDH2_27730.3, SRDH2_27730.6, SRDH2_27730.7
OG0000851	STRK1_85150.1	SRDH2_91860.13, SRDH2_91860.3, SRDH2_91860.4, SRDH2_91860.7, SRDH2_91860.11, SRDH2_91860.12, SRDH2_91860.2, SRDH2_91860.9, SRDH2_91860.1, SRDH2_91860.10, SRDH2_91860.6, SRDH2_91860.8, SRDH2_91860.5
OG0000852	STRK1_10150.1, STRK1_10150.2	SRDH2_11230.3, SRDH2_11230.1, SRDH2_11230.2, SRDH2_11230.4
OG0000853	STRK1_80620.1	SRDH2_85100.1, SRDH2_85100.5, SRDH2_85100.3, SRDH2_85100.4, SRDH2_85100.2
OG0000854	STRK1_33650.1, STRK1_33650.3, STRK1_33650.2	SRDH2_37580.1, SRDH2_37570.1
OG0000855	STRK1_48230.1	SRDH2_55520.1, SRDH2_55520.4, SRDH2_55520.5, SRDH2_55520.3, SRDH2_55520.2
OG0000856	STRK1_17120.1	SRDH2_3090.1, SRDH2_3090.2
OG0000857	STRK1_16050.3, STRK1_16050.1, STRK1_16050.2	SRDH2_4250.8, SRDH2_4250.1, SRDH2_4250.2, SRDH2_4250.5, SRDH2_4250.6, SRDH2_4250.4, SRDH2_4250.7, SRDH2_4250.9, SRDH2_4250.3
OG0000858	STRK1_15710.1	SRDH2_4610.3, SRDH2_4610.2, SRDH2_4610.1, SRDH2_4610.4
OG0000859	STRK1_49670.1	SRDH2_50320.1
OG0000860	STRK1_57860.1	SRDH2_61480.1
OG0000860	STRK1_59520.1, STRK1_59520.2, STRK1_59520.3, STRK1_59520.4	SRDH2_64020.2, SRDH2_64020.1
OG0000861	STRK1_10970.1	SRDH2_11900.3, SRDH2_11900.4, SRDH2_11900.1, SRDH2_11900.2
OG0000862	STRK1_30020.1, STRK1_30020.2	SRDH2_30410.3, SRDH2_30410.1, SRDH2_30410.5, SRDH2_30410.2, SRDH2_30410.4, SRDH2_30410.6, SRDH2_30410.7
OG0000863	STRK1_7140.1, STRK1_7140.2, STRK1_7140.3	SRDH2_7510.3, SRDH2_7510.6, SRDH2_7510.1, SRDH2_7510.4, SRDH2_7510.5
OG0000864	STRK1_103370.1	SRDH2_95800.3, SRDH2_95800.4, SRDH2_95800.5, SRDH2_95800.1, SRDH2_95840.4, SRDH2_95840.2, SRDH2_95840.5, SRDH2_95800.2, SRDH2_95840.3, SRDH2_95840.1
OG0000865	STRK1_34470.3, STRK1_34470.2, STRK1_34470.1	SRDH2_35160.4, SRDH2_35160.6, SRDH2_35160.2, SRDH2_35160.5, SRDH2_35160.1, SRDH2_35160.7, SRDH2_35160.3
OG0000866	STRK1_140.1, STRK1_150.1	SRDH2_690.1
OG0000867	STRK1_7010.1, STRK1_7010.2, STRK1_7010.3	SRDH2_7330.1
OG0000868	STRK1_96400.1, STRK1_95670.1, STRK1_95850.1, STRK1_95840.1, STRK1_105940.1, STRK1_77900.3, STRK1_77900.1, STRK1_77900.2, STRK1_77920.1, STRK1_77910.1	SRDH2_82120.1, SRDH2_81990.1, SRDH2_82100.1
OG0000869	STRK1_85730.1	SRDH2_93430.1
OG0000870	STRK1_450.1, STRK1_450.2	SRDH2_940.1, SRDH2_940.3, SRDH2_940.4, SRDH2_940.5, SRDH2_940.2, SRDH2_940.6, SRDH2_940.7, SRDH2_940.8
OG0000871	STRK1_27310.1	SRDH2_29030.1
OG0000872	STRK1_16180.1	SRDH2_4140.1
OG0000873	STRK1_83310.1	SRDH2_13370.1, SRDH2_88780.1
OG0000874	STRK1_40860.1	SRDH2_43350.6, SRDH2_43350.1, SRDH2_43350.2, SRDH2_43350.3, SRDH2_43350.4, SRDH2_43350.5
OG0000875	STRK1_59640.1, STRK1_59640.2, STRK1_59640.3, STRK1_59640.4	SRDH2_63950.1
OG0000876	STRK1_22320.1	SRDH2_24180.1
OG0000877	STRK1_7070.1, STRK1_7070.2, STRK1_7070.3, STRK1_7070.4, STRK1_7070.5	SRDH2_7440.7, SRDH2_7440.5, SRDH2_7440.6, SRDH2_7440.3, SRDH2_7440.4, SRDH2_7440.1, SRDH2_7440.2
OG0000878	STRK1_2390.1, STRK1_2390.2	SRDH2_18910.5, SRDH2_18910.2, SRDH2_18910.4, SRDH2_18910.1, SRDH2_18910.11, SRDH2_18910.12, SRDH2_18910.3, SRDH2_18910.10, SRDH2_18910.6, SRDH2_18910.7, SRDH2_18910.8, SRDH2_18910.9
OG0000879	STRK1_55490.1, STRK1_55490.2, STRK1_55490.3, STRK1_55490.4, STRK1_55500.1	SRDH2_60000.1, SRDH2_60000.2, SRDH2_60000.3, SRDH2_60150.1, SRDH2_59960.1, SRDH2_60140.1, SRDH2_59970.1, SRDH2_59990.1, SRDH2_59980.1
OG0000880	STRK1_76970.1, STRK1_76970.2	SRDH2_81580.1
OG0000881	STRK1_15690.1	SRDH2_4630.1, SRDH2_4630.2, SRDH2_4630.3, SRDH2_4630.4
OG0000881	STRK1_88240.1	SRDH2_92010.1
OG0000882	STRK1_20390.1, STRK1_20400.1, STRK1_20410.1	SRDH2_22570.1
OG0000882	STRK1_38440.1	SRDH2_40290.1, SRDH2_40290.2
OG0000883	STRK1_38430.1	SRDH2_40280.1
OG0000884	STRK1_109770.1, STRK1_37800.1	SRDH2_39530.4, SRDH2_39530.3, SRDH2_39530.1, SRDH2_39530.2
OG0000885	STRK1_91440.1	SRDH2_170.1, SRDH2_170.2
OG0000886	STRK1_68450.1	SRDH2_71820.3, SRDH2_71820.4, SRDH2_71820.1, SRDH2_71820.2
OG0000887	STRK1_17830.1, STRK1_17840.1	SRDH2_20070.1
OG0000888	STRK1_76360.1	SRDH2_80640.1, SRDH2_80640.2, SRDH2_80640.3
OG0000888	STRK1_76370.1, STRK1_76380.1	SRDH2_80660.2, SRDH2_80660.1, SRDH2_80660.3
OG0000889	STRK1_23850.1	SRDH2_28140.4, SRDH2_28140.1, SRDH2_28140.2, SRDH2_28140.3
OG0000890	STRK1_39050.1	SRDH2_41160.3, SRDH2_41160.1, SRDH2_41160.2, SRDH2_41160.5, SRDH2_41160.4
OG0000891	STRK1_33790.1, STRK1_33790.2, STRK1_33790.5, STRK1_33790.3, STRK1_33790.4	SRDH2_37700.1
OG0000892	STRK1_46410.1	SRDH2_54060.5, SRDH2_54060.7, SRDH2_54060.1, SRDH2_54060.3, SRDH2_54060.4, SRDH2_54060.9, SRDH2_54060.2, SRDH2_54060.6, SRDH2_54060.8, SRDH2_54060.10
OG0000894	STRK1_98410.1, STRK1_84590.1	SRDH2_90570.1
OG0000895	STRK1_72490.1, STRK1_39900.1, STRK1_108570.1	SRDH2_44270.1
OG0000896	STRK1_19450.1, STRK1_19460.1	SRDH2_21440.1
OG0000897	STRK1_95970.1, STRK1_9480.1, STRK1_100290.1, STRK1_9480.2	SRDH2_10430.8, SRDH2_10430.14, SRDH2_10430.15, SRDH2_10430.16, SRDH2_10430.12, SRDH2_10430.13, SRDH2_10430.2, SRDH2_10430.17, SRDH2_10430.6, SRDH2_10430.1, SRDH2_10430.7, SRDH2_10430.3, SRDH2_10430.4, SRDH2_10430.10, SRDH2_10430.9, SRDH2_10430.11, SRDH2_10430.5
OG0000898	STRK1_104150.1, STRK1_69880.1	SRDH2_73620.1
OG0000899	STRK1_5240.1	SRDH2_13500.6, SRDH2_13500.4, SRDH2_13500.8, SRDH2_13500.7, SRDH2_13500.5, SRDH2_13500.12, SRDH2_13500.9, SRDH2_13500.13, SRDH2_13500.10, SRDH2_13500.11, SRDH2_13500.2, SRDH2_13500.1, SRDH2_13500.3
OG0000900	STRK1_68280.3, STRK1_68280.1, STRK1_68280.2	SRDH2_3690.1, SRDH2_3690.2
OG0000901	STRK1_59440.1	SRDH2_64150.1
OG0000902	STRK1_54690.1, STRK1_54690.2	SRDH2_56170.1
OG0000903	STRK1_4350.1, STRK1_4350.2	SRDH2_15940.2, SRDH2_15940.4, SRDH2_15940.1, SRDH2_15940.3, SRDH2_15940.5, SRDH2_15940.6
OG0000904	STRK1_6830.1	SRDH2_5180.1
OG0000905	STRK1_77620.1	SRDH2_80830.6, SRDH2_80830.2, SRDH2_80830.4, SRDH2_80830.5, SRDH2_80830.1, SRDH2_80830.3
OG0000906	STRK1_107510.1, STRK1_63610.1, STRK1_32560.1	SRDH2_65490.15, SRDH2_65490.17, SRDH2_65490.18, SRDH2_65490.5, SRDH2_65490.1, SRDH2_65490.10, SRDH2_65490.12, SRDH2_65490.13, SRDH2_65490.14, SRDH2_65490.16, SRDH2_65490.6, SRDH2_65490.9, SRDH2_65490.11, SRDH2_65490.2, SRDH2_65490.3, SRDH2_65490.4, SRDH2_65490.7, SRDH2_65490.8
OG0000907	STRK1_73730.1	SRDH2_76380.1
OG0000908	STRK1_26120.1	SRDH2_27040.1
OG0000910	STRK1_12770.1, STRK1_12770.4, STRK1_12770.2, STRK1_12770.3	SRDH2_8380.1, SRDH2_8380.2, SRDH2_8370.1
OG0000911	STRK1_55740.1, STRK1_105810.1	SRDH2_59810.8, SRDH2_59810.3, SRDH2_59810.9, SRDH2_59810.1, SRDH2_59810.10, SRDH2_59810.11, SRDH2_59810.2, SRDH2_59810.7, SRDH2_59810.6, SRDH2_59810.12, SRDH2_59810.4, SRDH2_59810.5
OG0000912	STRK1_5940.2, STRK1_5940.1, STRK1_5940.3, STRK1_5940.4	SRDH2_6520.5, SRDH2_6520.8, SRDH2_6520.1, SRDH2_6520.6, SRDH2_6520.2, SRDH2_6520.3, SRDH2_6520.4, SRDH2_6520.7, SRDH2_6520.9, SRDH2_6520.10
OG0000913	STRK1_32220.1	SRDH2_37070.1
OG0000914	STRK1_28850.1, STRK1_28850.2	SRDH2_38680.1
OG0000915	STRK1_30410.3, STRK1_30410.4, STRK1_30410.1, STRK1_30410.2	SRDH2_29900.1, SRDH2_29900.6, SRDH2_29900.7, SRDH2_29900.2, SRDH2_29900.3, SRDH2_29900.4, SRDH2_29900.5
OG0000916	STRK1_37990.1, STRK1_37990.2, STRK1_37990.3	SRDH2_39820.1, SRDH2_39820.2, SRDH2_39820.3, SRDH2_39820.4
OG0000917	STRK1_81380.1	SRDH2_86710.2, SRDH2_86710.4, SRDH2_86710.1, SRDH2_86710.3, SRDH2_86710.5
OG0000918	STRK1_26020.1	SRDH2_27120.1, SRDH2_27120.3, SRDH2_27120.4, SRDH2_27120.2
OG0000919	STRK1_81570.1	SRDH2_86880.1, SRDH2_86880.2, SRDH2_86880.3, SRDH2_86880.5, SRDH2_86880.6, SRDH2_86880.7, SRDH2_86880.8, SRDH2_86880.4
OG0000920	STRK1_94540.1, STRK1_94540.2	SRDH2_98290.1
OG0000921	STRK1_40500.1	SRDH2_43720.1
OG0000922	STRK1_6310.1, STRK1_6310.2	SRDH2_6940.1
OG0000923	STRK1_94900.1, STRK1_94900.2	SRDH2_96520.1
OG0000925	STRK1_14640.1, STRK1_14640.2, STRK1_14640.4, STRK1_14640.5, STRK1_14640.6, STRK1_14640.3	SRDH2_16890.1, SRDH2_16880.1, SRDH2_16880.2
OG0000926	STRK1_25750.1, STRK1_107180.1	SRDH2_27410.1
OG0000927	STRK1_17930.1	SRDH2_20140.3, SRDH2_20140.2, SRDH2_20140.8, SRDH2_20140.1, SRDH2_20140.4, SRDH2_20140.6, SRDH2_20140.13, SRDH2_20140.12, SRDH2_20140.7, SRDH2_20140.9, SRDH2_20140.10, SRDH2_20140.5, SRDH2_20140.11
OG0000928	STRK1_31520.1	SRDH2_36310.1, SRDH2_36310.2, SRDH2_36310.3, SRDH2_36310.4
OG0000929	STRK1_62030.1, STRK1_62030.2	SRDH2_67280.3, SRDH2_67280.5, SRDH2_67280.6, SRDH2_67280.7, SRDH2_67280.8, SRDH2_67280.1, SRDH2_67280.2, SRDH2_67280.4
OG0000930	STRK1_37420.1, STRK1_37420.2	SRDH2_42700.4, SRDH2_42700.2, SRDH2_42700.3, SRDH2_42700.1
OG0000931	STRK1_69320.1	SRDH2_74260.1, SRDH2_74260.3, SRDH2_74260.2, SRDH2_74260.5, SRDH2_74260.6, SRDH2_74260.7, SRDH2_74260.4, SRDH2_100270.1
OG0000932	STRK1_700.1	SRDH2_1170.1, SRDH2_1170.2, SRDH2_1170.3
OG0000933	STRK1_38070.1	SRDH2_39920.14, SRDH2_39920.15, SRDH2_39920.12, SRDH2_39920.1, SRDH2_39920.3, SRDH2_39920.4, SRDH2_39920.8, SRDH2_39920.2, SRDH2_39920.10, SRDH2_39920.11, SRDH2_39920.6, SRDH2_39920.7, SRDH2_39920.9, SRDH2_39920.13, SRDH2_39920.16, SRDH2_39920.5
OG0000934	STRK1_9530.3, STRK1_9530.1, STRK1_9530.2, STRK1_9530.4, STRK1_9530.6, STRK1_9530.5	SRDH2_10520.3, SRDH2_10520.10, SRDH2_10520.1, SRDH2_10520.15, SRDH2_10520.12, SRDH2_10520.9, SRDH2_10520.11, SRDH2_10520.8, SRDH2_10520.7, SRDH2_10520.2, SRDH2_10520.5, SRDH2_10520.4, SRDH2_10520.6, SRDH2_10520.14, SRDH2_10520.13
OG0000935	STRK1_58650.1, STRK1_58650.2	SRDH2_67920.5, SRDH2_67920.4, SRDH2_67920.6, SRDH2_67920.1, SRDH2_67920.2, SRDH2_67920.7, SRDH2_67920.3
OG0000936	STRK1_94630.1, STRK1_105180.1, STRK1_104250.1, STRK1_94630.3, STRK1_94630.2	SRDH2_97320.6, SRDH2_97320.3, SRDH2_97320.1, SRDH2_97320.2, SRDH2_97320.7, SRDH2_97320.5, SRDH2_97320.4
OG0000937	STRK1_47940.7, STRK1_47940.8, STRK1_47940.1, STRK1_47940.2, STRK1_47940.5, STRK1_47940.6, STRK1_47940.3, STRK1_47940.4	SRDH2_55210.8, SRDH2_55210.1, SRDH2_55210.2, SRDH2_55210.3, SRDH2_55210.5, SRDH2_55210.4, SRDH2_55210.6, SRDH2_55210.7
OG0000938	STRK1_44250.1, STRK1_104110.1	SRDH2_61350.5, SRDH2_61350.1, SRDH2_61350.2, SRDH2_61350.6, SRDH2_61350.8, SRDH2_61350.9, SRDH2_61350.10, SRDH2_61350.3, SRDH2_61350.7, SRDH2_61350.4
OG0000939	STRK1_96630.1	SRDH2_89450.1
OG0000940	STRK1_3410.3, STRK1_3410.1, STRK1_3410.2	SRDH2_5830.2, SRDH2_5830.1, SRDH2_5830.3, SRDH2_5830.4
OG0000941	STRK1_31690.1, STRK1_31690.2, STRK1_31690.3	SRDH2_36490.2, SRDH2_36490.3, SRDH2_36490.7, SRDH2_36490.15, SRDH2_36490.12, SRDH2_36490.11, SRDH2_36490.1, SRDH2_36490.13, SRDH2_36490.8, SRDH2_36490.10, SRDH2_36490.9, SRDH2_36490.14
OG0000942	STRK1_15040.1	SRDH2_16480.1, SRDH2_16480.8, SRDH2_16480.7, SRDH2_16480.9, SRDH2_16480.2, SRDH2_16480.3, SRDH2_16480.6, SRDH2_16480.11, SRDH2_16480.5, SRDH2_16480.4, SRDH2_16480.10
OG0000943	STRK1_27390.1	SRDH2_29110.5, SRDH2_29110.3, SRDH2_29110.1, SRDH2_29110.4, SRDH2_29110.2, SRDH2_29110.6
OG0000944	STRK1_108040.1, STRK1_65710.1, STRK1_45440.1, STRK1_55840.1	SRDH2_59330.1, SRDH2_59340.3, SRDH2_59340.4, SRDH2_59340.8, SRDH2_59340.1, SRDH2_59340.2, SRDH2_59340.5, SRDH2_59340.6, SRDH2_59340.7, SRDH2_59340.9
OG0000945	STRK1_10660.1	SRDH2_11710.1, SRDH2_11710.2, SRDH2_11710.3, SRDH2_11710.5, SRDH2_11710.6, SRDH2_11710.8, SRDH2_11710.4, SRDH2_11710.7, SRDH2_11710.9
OG0000946	STRK1_12240.4, STRK1_12240.2, STRK1_12240.1, STRK1_12240.3	SRDH2_9010.10, SRDH2_9010.7, SRDH2_9010.5, SRDH2_9010.3, SRDH2_9010.4, SRDH2_9010.6, SRDH2_9010.9, SRDH2_9010.1, SRDH2_9010.2, SRDH2_9010.8
OG0000947	STRK1_28590.1	SRDH2_38980.1
OG0000948	STRK1_79720.1, STRK1_79720.2, STRK1_79720.3, STRK1_79720.4, STRK1_79720.5, STRK1_79720.6, STRK1_79720.7	SRDH2_83870.1, SRDH2_83870.2
OG0000949	STRK1_14890.1, STRK1_14900.1, STRK1_14870.1, STRK1_14880.1	SRDH2_16640.1
OG0000950	STRK1_47670.1	SRDH2_52730.1, SRDH2_52730.3, SRDH2_52730.2, SRDH2_52730.5, SRDH2_52730.6, SRDH2_52730.4
OG0000951	STRK1_94830.1, STRK1_94830.2	SRDH2_96450.2, SRDH2_96450.4, SRDH2_96450.1, SRDH2_96450.5, SRDH2_96450.6, SRDH2_96450.3
OG0000952	STRK1_30450.1, STRK1_30450.2	SRDH2_29860.1
OG0000953	STRK1_99960.4, STRK1_99960.1, STRK1_99960.2, STRK1_99960.3	SRDH2_64250.6, SRDH2_64250.1, SRDH2_64250.10, SRDH2_64250.11, SRDH2_64250.12, SRDH2_64250.13, SRDH2_64250.2, SRDH2_64250.3, SRDH2_64250.4, SRDH2_64250.8, SRDH2_64250.9, SRDH2_64250.5, SRDH2_64250.7
OG0000954	STRK1_77740.1, STRK1_77750.1	SRDH2_82630.2, SRDH2_82630.4, SRDH2_82610.1, SRDH2_82630.1, SRDH2_82630.3
OG0000955	STRK1_7870.1	SRDH2_14480.1
OG0000958	STRK1_11550.1, STRK1_11550.2	SRDH2_12890.1, SRDH2_12890.2
OG0000959	STRK1_67770.1	SRDH2_71400.1, SRDH2_71400.2, SRDH2_71400.3, SRDH2_71400.4
OG0000960	STRK1_21160.2, STRK1_21160.4, STRK1_21160.1, STRK1_21160.5, STRK1_21160.6, STRK1_21160.7, STRK1_21160.3, STRK1_21160.8	SRDH2_99950.1, SRDH2_99950.2, SRDH2_99950.3, SRDH2_99940.1, SRDH2_82700.1
OG0000961	STRK1_28550.2, STRK1_28550.1, STRK1_28550.3	SRDH2_39040.3, SRDH2_39040.1, SRDH2_39040.2
OG0000962	STRK1_73710.1	SRDH2_76360.1, SRDH2_76360.2, SRDH2_76360.3, SRDH2_76360.4, SRDH2_76360.5, SRDH2_76360.6
OG0000963	STRK1_17640.1	SRDH2_2530.2, SRDH2_2530.3, SRDH2_2530.6, SRDH2_2530.8, SRDH2_2530.7, SRDH2_2530.1, SRDH2_2530.5, SRDH2_2530.4
OG0000964	STRK1_100130.4, STRK1_100130.3, STRK1_100130.1, STRK1_100130.2	SRDH2_40900.1
OG0000965	STRK1_63920.1, STRK1_63930.1, STRK1_67450.1, STRK1_67460.1, STRK1_63910.1	SRDH2_65000.4, SRDH2_65000.5, SRDH2_65000.1, SRDH2_65000.2, SRDH2_65000.3
OG0000966	STRK1_31020.1	SRDH2_33780.1
OG0000966	STRK1_50190.1	SRDH2_49790.1, SRDH2_49790.2
OG0000967	STRK1_36370.1	SRDH2_32970.2, SRDH2_32970.6, SRDH2_32970.1, SRDH2_32970.3, SRDH2_32970.4, SRDH2_32970.5, SRDH2_32970.7, SRDH2_32970.8
OG0000968	STRK1_17250.1	SRDH2_2950.6, SRDH2_2950.9, SRDH2_2950.12, SRDH2_2950.10, SRDH2_2950.1, SRDH2_2950.11, SRDH2_2950.2, SRDH2_2950.3, SRDH2_2950.4, SRDH2_2950.5, SRDH2_2950.8, SRDH2_2950.7
OG0000969	STRK1_80010.1	SRDH2_83750.2, SRDH2_83750.1
OG0000969	STRK1_79840.1, STRK1_79850.1, STRK1_79850.2, STRK1_108990.1	SRDH2_83760.1
OG0000970	STRK1_67550.1, STRK1_67550.2	SRDH2_72100.2, SRDH2_72100.1
OG0000971	STRK1_1690.1	SRDH2_1940.5, SRDH2_1940.2, SRDH2_1940.4, SRDH2_1940.3, SRDH2_1940.9, SRDH2_1940.1, SRDH2_1940.10, SRDH2_1940.11, SRDH2_1940.6, SRDH2_1940.7, SRDH2_1940.8, SRDH2_1940.12, SRDH2_1940.13
OG0000972	STRK1_3660.1	SRDH2_6180.1, SRDH2_6180.2, SRDH2_6180.3
OG0000973	STRK1_24800.1	SRDH2_24500.1
OG0000975	STRK1_3530.1, STRK1_107680.2, STRK1_107680.1	SRDH2_6010.1, SRDH2_5990.1, SRDH2_6030.1, SRDH2_6020.1, SRDH2_5980.1
OG0000976	STRK1_9650.1, STRK1_9650.2, STRK1_9650.3	SRDH2_10640.1
OG0000977	STRK1_7790.1	SRDH2_13910.10, SRDH2_13910.11, SRDH2_13910.12, SRDH2_13910.5, SRDH2_13910.9, SRDH2_13910.13, SRDH2_13910.7, SRDH2_13910.4, SRDH2_13910.6, SRDH2_13910.1, SRDH2_13910.14, SRDH2_13910.15, SRDH2_13910.17, SRDH2_13910.2, SRDH2_13910.3, SRDH2_13910.8, SRDH2_13910.16
OG0000978	STRK1_19230.1	SRDH2_21300.1
OG0000979	STRK1_72750.1	SRDH2_75470.5, SRDH2_75470.7, SRDH2_75470.10, SRDH2_75470.8, SRDH2_75470.9, SRDH2_75470.4, SRDH2_75470.6, SRDH2_75470.1, SRDH2_75470.2, SRDH2_75470.3
OG0000980	STRK1_46490.1, STRK1_46490.4, STRK1_46490.2, STRK1_46490.3	SRDH2_53980.2, SRDH2_53980.5, SRDH2_53980.6, SRDH2_53980.9, SRDH2_53980.7, SRDH2_53980.8, SRDH2_53980.1, SRDH2_53980.4, SRDH2_53980.3
OG0000981	STRK1_38410.1, STRK1_38410.4, STRK1_38410.2, STRK1_38410.3	SRDH2_40240.9, SRDH2_40240.1, SRDH2_40240.5, SRDH2_40240.7, SRDH2_40240.4, SRDH2_40240.8, SRDH2_40240.3, SRDH2_40240.2, SRDH2_40240.6
OG0000982	STRK1_96950.1, STRK1_96950.2, STRK1_58580.1, STRK1_104860.1	SRDH2_68000.1, SRDH2_68000.2, SRDH2_68000.3, SRDH2_68000.4
OG0000983	STRK1_2890.3, STRK1_2890.4, STRK1_2890.1, STRK1_2890.2	SRDH2_16110.1, SRDH2_16110.6, SRDH2_16110.7, SRDH2_16110.5, SRDH2_16110.3, SRDH2_16110.4, SRDH2_16110.2
OG0000984	STRK1_35780.1	SRDH2_32420.1
OG0000985	STRK1_14850.1	SRDH2_16620.1
OG0000986	STRK1_70620.1	SRDH2_72850.1
OG0000987	STRK1_93770.1	SRDH2_85670.1
OG0000988	STRK1_52860.1, STRK1_52870.1, STRK1_52870.2	SRDH2_56970.1, SRDH2_56970.2, SRDH2_56980.1
OG0000989	STRK1_52690.1, STRK1_52700.1	SRDH2_52370.4, SRDH2_52370.6, SRDH2_52370.7, SRDH2_52370.5, SRDH2_52370.3, SRDH2_52370.9, SRDH2_52370.1, SRDH2_52370.2, SRDH2_52370.8
OG0000990	STRK1_6460.1, STRK1_6460.2, STRK1_6460.3	SRDH2_4810.12, SRDH2_4810.13, SRDH2_4810.7, SRDH2_4810.10, SRDH2_4810.9, SRDH2_4810.11, SRDH2_4810.8, SRDH2_4810.5, SRDH2_4810.6, SRDH2_4810.1, SRDH2_4810.2, SRDH2_4810.3, SRDH2_4810.4
OG0000991	STRK1_56290.1, STRK1_56280.1	SRDH2_60450.1
OG0000992	STRK1_42930.1, STRK1_42930.2	SRDH2_44520.4, SRDH2_44520.6, SRDH2_44520.5, SRDH2_44520.7, SRDH2_44520.2, SRDH2_44520.1, SRDH2_44520.3
OG0000993	STRK1_72530.1	SRDH2_80080.1
OG0000994	STRK1_35120.1, STRK1_35120.2	SRDH2_35840.1, SRDH2_35840.2
OG0000995	STRK1_106180.1, STRK1_98630.1, STRK1_95720.1	SRDH2_82470.1
OG0000996	STRK1_58450.1	SRDH2_68120.2, SRDH2_68120.3, SRDH2_68120.4, SRDH2_68120.5, SRDH2_68120.6, SRDH2_68120.9, SRDH2_68120.7, SRDH2_68120.1, SRDH2_68120.8
OG0000997	STRK1_85370.1	SRDH2_91650.1
OG0000998	STRK1_53600.1	SRDH2_56420.1, SRDH2_56420.10, SRDH2_56420.11, SRDH2_56420.2, SRDH2_56420.3, SRDH2_56420.8, SRDH2_56420.9, SRDH2_56420.5, SRDH2_56420.7, SRDH2_56420.4, SRDH2_56420.12, SRDH2_56420.13, SRDH2_56420.6
OG0000999	STRK1_33150.1	SRDH2_31730.5, SRDH2_31730.8, SRDH2_31730.4, SRDH2_31730.6, SRDH2_31730.7, SRDH2_31730.9, SRDH2_31730.1, SRDH2_31730.2, SRDH2_31730.3
OG0001000	STRK1_15480.2, STRK1_15480.1, STRK1_15480.3	SRDH2_7160.2, SRDH2_7160.3, SRDH2_7160.5, SRDH2_7160.4, SRDH2_7160.1
OG0001003	STRK1_31590.1	SRDH2_36370.1, SRDH2_36370.2, SRDH2_102150.2, SRDH2_102150.4, SRDH2_102150.5, SRDH2_102150.1, SRDH2_102150.3
OG0001005	STRK1_15660.1	SRDH2_4680.1, SRDH2_4680.2, SRDH2_4680.3, SRDH2_4680.4, SRDH2_4680.5, SRDH2_4680.6
OG0001006	STRK1_78930.1, STRK1_78920.1, STRK1_78940.1	SRDH2_96500.1, SRDH2_96510.1, SRDH2_83670.1, SRDH2_83680.1, SRDH2_83660.1, SRDH2_83720.1, SRDH2_83730.1
OG0001007	STRK1_95140.1, STRK1_33910.1	SRDH2_61050.1, SRDH2_61060.1
OG0001008	STRK1_56910.1, STRK1_56880.1, STRK1_102280.1, STRK1_56890.1, STRK1_56900.1	SRDH2_61030.1, SRDH2_61030.2
OG0001009	STRK1_88160.1	SRDH2_90810.1
OG0001010	STRK1_55310.1, STRK1_55320.1	SRDH2_61850.1, SRDH2_61850.2
OG0001011	STRK1_38030.1	SRDH2_39890.1, SRDH2_39890.2, SRDH2_39890.3, SRDH2_39890.4, SRDH2_39890.5
OG0001012	STRK1_6870.1	SRDH2_5230.3, SRDH2_5230.4, SRDH2_5230.6, SRDH2_5230.7, SRDH2_5230.5, SRDH2_5230.8, SRDH2_5230.1, SRDH2_5230.2
OG0001013	STRK1_11450.5, STRK1_11450.3, STRK1_11450.2, STRK1_11450.1, STRK1_11450.4	SRDH2_12990.1
OG0001014	STRK1_16200.1	SRDH2_4110.1, SRDH2_4110.2
OG0001015	STRK1_32700.1, STRK1_32700.2, STRK1_32700.3	SRDH2_38530.1, SRDH2_38530.2
OG0001016	STRK1_33400.1	SRDH2_37310.1, SRDH2_37310.5, SRDH2_37310.7, SRDH2_37310.8, SRDH2_37310.4, SRDH2_37310.6, SRDH2_37310.3, SRDH2_37310.10, SRDH2_37310.2, SRDH2_37310.11, SRDH2_37310.9
OG0001017	STRK1_2870.1	SRDH2_16090.1, SRDH2_16090.2, SRDH2_16090.3, SRDH2_16090.4, SRDH2_16090.5
OG0001018	STRK1_98890.1	SRDH2_30100.1, SRDH2_30100.2, SRDH2_30100.3, SRDH2_30100.4
OG0001019	STRK1_37260.1, STRK1_109870.1	SRDH2_42510.1, SRDH2_42510.2, SRDH2_42510.3, SRDH2_42510.4, SRDH2_42510.5, SRDH2_42510.6, SRDH2_42510.7, SRDH2_42510.9, SRDH2_42510.8
OG0001020	STRK1_10160.1	SRDH2_11240.10, SRDH2_11240.9, SRDH2_11240.8, SRDH2_11240.3, SRDH2_11240.6, SRDH2_11240.2, SRDH2_11240.1, SRDH2_11240.7, SRDH2_11240.5, SRDH2_11240.4
OG0001021	STRK1_99410.1, STRK1_36490.1	SRDH2_29850.1
OG0001022	STRK1_19390.1	SRDH2_21470.1, SRDH2_21470.5, SRDH2_21470.2, SRDH2_21470.3, SRDH2_21470.4
OG0001023	STRK1_64380.1	SRDH2_64620.1, SRDH2_64620.3, SRDH2_64620.2
OG0001024	STRK1_72400.1, STRK1_72400.2	SRDH2_80190.1, SRDH2_80200.1, SRDH2_80210.1, SRDH2_80210.2
OG0001025	STRK1_108100.1, STRK1_87650.1	SRDH2_91250.2, SRDH2_91250.3, SRDH2_91250.1
OG0001026	STRK1_49540.1, STRK1_49540.2, STRK1_49540.3, STRK1_49540.4, STRK1_49540.5, STRK1_49540.6, STRK1_49540.7, STRK1_49540.8, STRK1_49550.1, STRK1_49550.2, STRK1_49550.3, STRK1_49550.4	SRDH2_50380.1
OG0001027	STRK1_460.1, STRK1_460.2, STRK1_460.3, STRK1_460.4, STRK1_460.5	SRDH2_950.1
OG0001028	STRK1_54990.1	SRDH2_56670.1
OG0001029	STRK1_49440.1	SRDH2_50580.3, SRDH2_50580.4, SRDH2_50580.1, SRDH2_50580.5, SRDH2_50580.6, SRDH2_50580.2
OG0001030	STRK1_36990.1, STRK1_36990.2	SRDH2_29240.8, SRDH2_29240.12, SRDH2_29240.1, SRDH2_29240.14, SRDH2_29240.7, SRDH2_29240.10, SRDH2_29240.5, SRDH2_29240.9, SRDH2_29240.4, SRDH2_29240.11, SRDH2_29240.2, SRDH2_29240.6, SRDH2_29240.3, SRDH2_29240.13
OG0001031	STRK1_68510.1	SRDH2_72440.1
OG0001032	STRK1_58430.1	SRDH2_68150.1, SRDH2_68150.2, SRDH2_68150.3, SRDH2_68150.4, SRDH2_68150.5, SRDH2_68150.6, SRDH2_68150.7
OG0001034	STRK1_46040.1	SRDH2_54960.1, SRDH2_54960.2, SRDH2_54970.1
OG0001036	STRK1_13700.1, STRK1_13690.1, STRK1_13710.1, STRK1_13720.2, STRK1_13720.1	SRDH2_17920.10, SRDH2_17920.13, SRDH2_17920.14, SRDH2_17920.11, SRDH2_17920.4, SRDH2_17920.6, SRDH2_17920.3, SRDH2_17920.5, SRDH2_17920.9, SRDH2_17920.1, SRDH2_17920.7, SRDH2_17920.8, SRDH2_17920.12, SRDH2_17920.2
OG0001037	STRK1_19360.1, STRK1_97220.1	SRDH2_21490.1, SRDH2_21490.2, SRDH2_21490.3
OG0001038	STRK1_970.1, STRK1_980.1, STRK1_970.2	SRDH2_1620.1
OG0001039	STRK1_25390.1	SRDH2_27750.1, SRDH2_27750.2, SRDH2_27750.6, SRDH2_27750.3, SRDH2_27750.4, SRDH2_27750.5
OG0001040	STRK1_79610.1	SRDH2_84000.1
OG0001041	STRK1_90260.1, STRK1_90250.1	SRDH2_97580.3, SRDH2_97580.6, SRDH2_97580.1, SRDH2_97580.5, SRDH2_97580.2, SRDH2_97580.4
OG0001042	STRK1_5610.1, STRK1_5610.2	SRDH2_13800.1
OG0001043	STRK1_50860.1	SRDH2_49150.1, SRDH2_49150.3, SRDH2_49150.6, SRDH2_49150.5, SRDH2_49150.2, SRDH2_49150.4
OG0001044	STRK1_65230.1, STRK1_65230.2	SRDH2_68690.1, SRDH2_68690.2
OG0001045	STRK1_64770.1	SRDH2_69210.1
OG0001046	STRK1_52350.1	SRDH2_52050.1, SRDH2_52050.3, SRDH2_52050.2
OG0001047	STRK1_92890.2, STRK1_92890.1, STRK1_92890.3	SRDH2_99120.1
OG0001048	STRK1_72450.1	SRDH2_80130.10, SRDH2_80130.8, SRDH2_80130.9, SRDH2_80130.4, SRDH2_80130.3, SRDH2_80130.1, SRDH2_80130.7
OG0001049	STRK1_54790.1, STRK1_54790.2	SRDH2_56260.1
OG0001050	STRK1_59670.1	SRDH2_63870.4, SRDH2_63870.3, SRDH2_63870.2, SRDH2_63870.6, SRDH2_63870.5, SRDH2_63870.1, SRDH2_63870.7
OG0001051	STRK1_84670.1	SRDH2_90640.1
OG0001052	STRK1_54810.2, STRK1_54810.4	SRDH2_56230.2
OG0001053	STRK1_64020.1	SRDH2_65130.2, SRDH2_65130.4, SRDH2_65130.5, SRDH2_65130.6, SRDH2_65130.1, SRDH2_65130.3, SRDH2_65130.8, SRDH2_65130.9, SRDH2_65130.7
OG0001054	STRK1_10950.1	SRDH2_12170.1, SRDH2_12170.2, SRDH2_11910.1, SRDH2_11910.2
OG0001055	STRK1_28670.1, STRK1_28670.2	SRDH2_38900.1
OG0001056	STRK1_56080.1	SRDH2_59300.2, SRDH2_59300.1, SRDH2_59300.3
OG0001057	STRK1_100370.1, STRK1_84540.1	SRDH2_89850.6, SRDH2_89850.8, SRDH2_89850.4, SRDH2_89850.3, SRDH2_89850.5, SRDH2_89850.2, SRDH2_89850.7, SRDH2_89850.1
OG0001058	STRK1_60170.1, STRK1_60170.2	SRDH2_62480.1, SRDH2_62480.2
OG0001059	STRK1_14160.1, STRK1_14160.2, STRK1_14160.3	SRDH2_17460.1, SRDH2_17460.2, SRDH2_17460.3, SRDH2_17460.4, SRDH2_17460.5, SRDH2_17460.8, SRDH2_17460.9, SRDH2_17460.7, SRDH2_17460.6
OG0001060	STRK1_63670.1	SRDH2_65430.1
OG0001061	STRK1_10320.1	SRDH2_11390.1, SRDH2_11390.4, SRDH2_11400.1, SRDH2_11390.5, SRDH2_11390.2, SRDH2_11390.3
OG0001062	STRK1_50360.1	SRDH2_49610.1
OG0001063	STRK1_81760.1	SRDH2_87340.3, SRDH2_87340.2, SRDH2_87340.1
OG0001064	STRK1_45650.1, STRK1_45670.1, STRK1_45670.2, STRK1_45670.3, STRK1_45670.4	SRDH2_48530.1
OG0001065	STRK1_36820.1, STRK1_36820.2	SRDH2_29440.1
OG0001065	STRK1_36810.1	SRDH2_29450.1
OG0001065	STRK1_36800.1	SRDH2_29460.1
OG0001066	STRK1_9470.2, STRK1_9470.1, STRK1_9470.5, STRK1_9470.6, STRK1_9470.3, STRK1_9470.4	SRDH2_10420.2, SRDH2_10420.4, SRDH2_10420.3, SRDH2_10420.1
OG0001067	STRK1_93340.1	SRDH2_98740.1, SRDH2_98750.1, SRDH2_98500.1, SRDH2_98540.1, SRDH2_98490.2, SRDH2_98490.4, SRDH2_98490.1, SRDH2_98490.3, SRDH2_98490.5
OG0001068	STRK1_75820.1	SRDH2_77720.15, SRDH2_77720.2, SRDH2_77720.14, SRDH2_77720.8, SRDH2_77720.1, SRDH2_77720.9, SRDH2_77720.10, SRDH2_77720.11, SRDH2_77720.12, SRDH2_77720.7, SRDH2_77720.6, SRDH2_77720.17, SRDH2_77720.3, SRDH2_77720.4, SRDH2_77720.18, SRDH2_77720.5, SRDH2_77720.16, SRDH2_77720.13
OG0001070	STRK1_64330.1, STRK1_64330.2	SRDH2_64720.1
OG0001070	STRK1_73030.1	SRDH2_78170.2, SRDH2_78170.1, SRDH2_78170.3
OG0001071	STRK1_62260.1	SRDH2_67530.1
OG0001072	STRK1_37290.1, STRK1_37290.2, STRK1_37290.3	SRDH2_42560.1
OG0001073	STRK1_14350.1	SRDH2_17300.1
OG0001074	STRK1_100600.1, STRK1_25180.1, STRK1_25190.1, STRK1_107790.1	SRDH2_27940.4, SRDH2_27940.3, SRDH2_27940.2, SRDH2_27940.1
OG0001075	STRK1_65440.1, STRK1_65440.2	SRDH2_63470.5, SRDH2_63470.6, SRDH2_63470.4, SRDH2_63470.3, SRDH2_63470.1, SRDH2_63470.2
OG0001076	STRK1_44230.1	SRDH2_47190.5, SRDH2_47190.2, SRDH2_47190.3, SRDH2_47190.6, SRDH2_47190.4, SRDH2_47190.1
OG0001077	STRK1_49110.1	SRDH2_50890.19, SRDH2_50890.1, SRDH2_50890.13, SRDH2_50890.15, SRDH2_50890.18, SRDH2_50890.7, SRDH2_50890.8, SRDH2_50890.20, SRDH2_50890.4, SRDH2_50890.12, SRDH2_50890.17, SRDH2_50890.5, SRDH2_50890.6, SRDH2_50890.16, SRDH2_50890.10, SRDH2_50890.11, SRDH2_50890.14, SRDH2_50890.2, SRDH2_50890.3, SRDH2_50890.9
OG0001078	STRK1_60520.1	SRDH2_62860.12, SRDH2_62860.4, SRDH2_62860.2, SRDH2_62860.13, SRDH2_62860.14, SRDH2_62860.15, SRDH2_62860.8, SRDH2_62860.9, SRDH2_62860.10, SRDH2_62860.16, SRDH2_62860.17, SRDH2_62860.7, SRDH2_62860.11, SRDH2_62860.6, SRDH2_62860.3, SRDH2_62860.1, SRDH2_62860.5
OG0001079	STRK1_72180.1	SRDH2_77220.1
OG0001080	STRK1_75120.1	SRDH2_75640.3, SRDH2_75640.1, SRDH2_75640.2
OG0001081	STRK1_35150.1	SRDH2_35870.1, SRDH2_35870.2, SRDH2_35870.7, SRDH2_35870.8, SRDH2_35870.3, SRDH2_35870.4, SRDH2_35870.5, SRDH2_35870.6
OG0001082	STRK1_50720.1, STRK1_50710.1	SRDH2_49410.6, SRDH2_49410.5, SRDH2_49410.3, SRDH2_49410.2, SRDH2_49410.4, SRDH2_49410.1
OG0001083	STRK1_90070.1	SRDH2_97720.2, SRDH2_97720.1
OG0001084	STRK1_19070.1, STRK1_19070.2	SRDH2_21140.2, SRDH2_21140.4, SRDH2_21140.1, SRDH2_21140.3
OG0001085	STRK1_93150.1	SRDH2_98730.2, SRDH2_98730.1
OG0001086	STRK1_69590.1, STRK1_69600.1	SRDH2_73900.3, SRDH2_73900.4, SRDH2_73900.5, SRDH2_73900.1, SRDH2_73900.2, SRDH2_73900.9, SRDH2_73900.6, SRDH2_73900.7, SRDH2_73900.8
OG0001087	STRK1_52620.1	SRDH2_52280.2, SRDH2_52280.3, SRDH2_52280.1
OG0001088	STRK1_24240.1	SRDH2_25010.2, SRDH2_25010.3, SRDH2_25010.4, SRDH2_25010.5, SRDH2_25010.1, SRDH2_25010.6
OG0001089	STRK1_62280.1	SRDH2_67510.8, SRDH2_67510.7, SRDH2_67510.4, SRDH2_67510.1, SRDH2_67510.5, SRDH2_67510.2, SRDH2_67510.3
OG0001090	STRK1_90540.1, STRK1_90540.2, STRK1_90550.1, STRK1_98940.1	SRDH2_99440.1, SRDH2_99440.2, SRDH2_99440.3, SRDH2_99440.4
OG0001091	STRK1_50730.1	SRDH2_49320.1
OG0001092	STRK1_106860.1, STRK1_67610.1	SRDH2_71560.1, SRDH2_71560.2
OG0001093	STRK1_78710.1	SRDH2_83520.1, SRDH2_83520.3, SRDH2_83520.2
OG0001094	STRK1_28420.1	SRDH2_34260.1, SRDH2_34260.3, SRDH2_34260.2, SRDH2_34260.5, SRDH2_34260.4
OG0001095	STRK1_52290.1, STRK1_52290.2	SRDH2_51990.1
OG0001096	STRK1_1790.1	SRDH2_19880.1
OG0001097	STRK1_67240.1, STRK1_67250.1, STRK1_67210.1	SRDH2_70670.2, SRDH2_70670.1, SRDH2_70670.4, SRDH2_70670.3
OG0001099	STRK1_89860.1, STRK1_89870.1	SRDH2_95430.1
OG0001099	STRK1_89740.1	SRDH2_95420.1
OG0001100	STRK1_102130.1, STRK1_96060.1, STRK1_65640.1	SRDH2_66780.1, SRDH2_66780.2
OG0001101	STRK1_43890.1, STRK1_102400.1, STRK1_43890.2, STRK1_96110.1	SRDH2_46680.1, SRDH2_46680.6, SRDH2_46560.1, SRDH2_46670.1, SRDH2_46680.2, SRDH2_46680.3, SRDH2_46680.5, SRDH2_46680.4
OG0001102	STRK1_59530.1	SRDH2_64010.3, SRDH2_64010.4, SRDH2_64010.1, SRDH2_64010.2
OG0001103	STRK1_90280.1	SRDH2_97600.1, SRDH2_97600.2
OG0001104	STRK1_59550.1	SRDH2_63990.6, SRDH2_63990.7, SRDH2_63990.1, SRDH2_63990.4, SRDH2_63990.2, SRDH2_63990.5, SRDH2_63990.3
OG0001105	STRK1_31760.1	SRDH2_36560.3, SRDH2_36560.4, SRDH2_36560.5, SRDH2_36560.1, SRDH2_36560.2
OG0001106	STRK1_66460.1, STRK1_103810.1	SRDH2_70610.4, SRDH2_70610.2, SRDH2_70610.1, SRDH2_70610.3
OG0001107	STRK1_52740.1	SRDH2_52400.7, SRDH2_52400.1, SRDH2_52400.10, SRDH2_52400.2, SRDH2_52400.3, SRDH2_52400.4, SRDH2_52400.5, SRDH2_52400.6, SRDH2_52400.8, SRDH2_52400.9
OG0001108	STRK1_27230.1, STRK1_27230.2	SRDH2_28990.1, SRDH2_28990.3, SRDH2_28990.5, SRDH2_28990.4, SRDH2_28990.2
OG0001109	STRK1_35280.3, STRK1_35280.1, STRK1_35280.2	SRDH2_35930.3, SRDH2_35930.1, SRDH2_35930.4, SRDH2_35930.2
OG0001110	STRK1_16310.1, STRK1_16310.3, STRK1_16310.2	SRDH2_3990.1, SRDH2_3990.2, SRDH2_3990.3, SRDH2_3990.5, SRDH2_3990.4
OG0001111	STRK1_50240.1, STRK1_50240.2, STRK1_50240.4, STRK1_50240.3	SRDH2_49740.4, SRDH2_49740.5, SRDH2_49740.2, SRDH2_49740.3, SRDH2_49740.1
OG0001112	STRK1_92660.1, STRK1_97240.1	SRDH2_98910.1
OG0001112	STRK1_92640.1, STRK1_92650.1	SRDH2_98900.1, SRDH2_98890.1
OG0001113	STRK1_13150.1	SRDH2_7970.1, SRDH2_7970.3, SRDH2_7970.2
OG0001114	STRK1_101180.2, STRK1_101180.1, STRK1_101180.3, STRK1_101180.4	SRDH2_6700.1
OG0001115	STRK1_90140.1, STRK1_90160.1	SRDH2_97690.2, SRDH2_97690.1, SRDH2_97690.3
OG0001116	STRK1_79580.1, STRK1_93130.1, STRK1_93130.3, STRK1_93130.2	SRDH2_84040.1, SRDH2_84040.3, SRDH2_84040.4, SRDH2_84040.2
OG0001117	STRK1_4520.1, STRK1_4520.2	SRDH2_15770.1
OG0001118	STRK1_84450.3, STRK1_84450.1, STRK1_84450.2, STRK1_104240.1, STRK1_104240.3, STRK1_104240.2, STRK1_104240.4, STRK1_104240.5, STRK1_104240.6, STRK1_69300.1	SRDH2_74310.1, SRDH2_74310.2
OG0001119	STRK1_40190.1, STRK1_100350.1, STRK1_62300.1	SRDH2_67490.1
OG0001120	STRK1_32100.1	SRDH2_36930.1, SRDH2_36930.2, SRDH2_36930.4, SRDH2_36930.3
OG0001121	STRK1_53160.2, STRK1_53160.4, STRK1_53160.1, STRK1_53160.3, STRK1_53160.5	SRDH2_58200.1
OG0001122	STRK1_106690.1, STRK1_61010.1, STRK1_61020.1, STRK1_61040.1	SRDH2_81380.6, SRDH2_81380.2, SRDH2_81380.1, SRDH2_81380.5, SRDH2_81380.3, SRDH2_81380.4
OG0001123	STRK1_85950.1	SRDH2_92270.1, SRDH2_92270.2
OG0001124	STRK1_33100.1, STRK1_33100.2	SRDH2_31780.3, SRDH2_31780.1, SRDH2_31780.2
OG0001125	STRK1_11490.1, STRK1_11490.2, STRK1_11490.3, STRK1_11480.1, STRK1_11480.2, STRK1_11490.5, STRK1_11490.4, STRK1_11480.3, STRK1_11480.4, STRK1_11480.5	SRDH2_12830.1
OG0001126	STRK1_55220.1, STRK1_55230.1	SRDH2_10490.1
OG0001127	STRK1_103310.1, STRK1_103290.1, STRK1_103300.1	SRDH2_40320.1, SRDH2_40320.3, SRDH2_40320.4, SRDH2_40320.6, SRDH2_40320.5, SRDH2_40320.2
OG0001128	STRK1_76080.3, STRK1_76080.1, STRK1_76080.2, STRK1_98500.1	SRDH2_77980.1
OG0001129	STRK1_33310.1	SRDH2_37400.1
OG0001130	STRK1_7810.1, STRK1_7810.2, STRK1_7810.3	SRDH2_13890.1, SRDH2_13890.3, SRDH2_13890.5, SRDH2_13890.2, SRDH2_13890.4
OG0001131	STRK1_75280.1, STRK1_75270.1	SRDH2_75800.1, SRDH2_75800.2, SRDH2_75800.3
OG0001132	STRK1_93940.1, STRK1_93950.1	SRDH2_85460.1
OG0001133	STRK1_90530.1	SRDH2_99580.1, SRDH2_99580.2
OG0001133	STRK1_15030.1	SRDH2_16490.1
OG0001134	STRK1_62500.1, STRK1_62500.2	SRDH2_65840.2, SRDH2_65840.4, SRDH2_65840.1, SRDH2_65840.5, SRDH2_65840.6, SRDH2_65840.3
OG0001135	STRK1_35410.4, STRK1_35410.3, STRK1_35410.1, STRK1_35410.2	SRDH2_38410.1
OG0001136	STRK1_22170.1, STRK1_22180.1	SRDH2_24070.1
OG0001137	STRK1_47860.1	SRDH2_54460.1
OG0001138	STRK1_18910.1	SRDH2_20970.1, SRDH2_20970.2, SRDH2_20970.3
OG0001139	STRK1_33730.1	SRDH2_37640.2, SRDH2_37640.8, SRDH2_37640.4, SRDH2_37640.5, SRDH2_37640.1, SRDH2_37640.3, SRDH2_37640.7, SRDH2_37640.6
OG0001140	STRK1_44430.1, STRK1_44430.2	SRDH2_47120.1, SRDH2_47120.10, SRDH2_47120.8, SRDH2_47120.6, SRDH2_47120.11, SRDH2_47120.12, SRDH2_47120.5, SRDH2_47120.7, SRDH2_47120.9, SRDH2_47120.2, SRDH2_47120.3, SRDH2_47120.4
OG0001141	STRK1_76700.1, STRK1_76720.1	SRDH2_81930.2, SRDH2_81930.1, SRDH2_81930.3
OG0001142	STRK1_8360.1	SRDH2_14980.1
OG0001143	STRK1_59240.1	SRDH2_64360.1
OG0001144	STRK1_30950.1	SRDH2_33710.1, SRDH2_33710.2, SRDH2_33710.3
OG0001145	STRK1_62690.1	SRDH2_66010.1, SRDH2_66010.2, SRDH2_66010.4, SRDH2_66010.3
OG0001146	STRK1_15840.1, STRK1_15870.1, STRK1_106210.1	SRDH2_4470.1, SRDH2_4460.1
OG0001147	STRK1_7430.1	SRDH2_7830.3, SRDH2_7830.1, SRDH2_7830.2, SRDH2_7830.5, SRDH2_7830.6, SRDH2_7830.4
OG0001148	STRK1_68560.1	SRDH2_72480.2, SRDH2_72480.7, SRDH2_72480.4, SRDH2_72480.5, SRDH2_72480.10, SRDH2_72480.8, SRDH2_72480.9, SRDH2_72480.1, SRDH2_72480.3, SRDH2_72480.6
OG0001149	STRK1_72440.3, STRK1_72440.1, STRK1_72440.2	SRDH2_80140.3, SRDH2_80140.4, SRDH2_80140.1, SRDH2_80140.5, SRDH2_80140.2
OG0001150	STRK1_46460.1, STRK1_46460.2	SRDH2_54010.1
OG0001151	STRK1_86700.1, STRK1_86710.1, STRK1_86690.1	SRDH2_92930.1, SRDH2_92930.2
OG0001152	STRK1_8150.1	SRDH2_14780.1
OG0001153	STRK1_67380.1	SRDH2_70860.5, SRDH2_70860.3, SRDH2_70860.6, SRDH2_70860.4, SRDH2_70860.2, SRDH2_70860.1
OG0001154	STRK1_40000.1, STRK1_40000.2	SRDH2_44210.4, SRDH2_44210.5, SRDH2_44210.3, SRDH2_44210.1, SRDH2_44210.2
OG0001155	STRK1_50810.1, STRK1_50810.2, STRK1_50810.3	SRDH2_49230.3, SRDH2_49230.2, SRDH2_49230.6, SRDH2_49230.4, SRDH2_49230.5, SRDH2_49230.7, SRDH2_49230.1
OG0001156	STRK1_7380.1	SRDH2_7780.1
OG0001157	STRK1_63160.1	SRDH2_64390.16, SRDH2_64390.7, SRDH2_64390.13, SRDH2_64390.2, SRDH2_64390.12, SRDH2_64390.19, SRDH2_64390.20, SRDH2_64390.21, SRDH2_64390.14, SRDH2_64390.22, SRDH2_64390.17, SRDH2_64390.18, SRDH2_64390.9, SRDH2_64390.4, SRDH2_64390.11, SRDH2_64390.15, SRDH2_64390.5, SRDH2_64390.1, SRDH2_64390.3, SRDH2_64390.6, SRDH2_64390.8, SRDH2_64390.10
OG0001158	STRK1_37410.1	SRDH2_42690.3, SRDH2_42690.2, SRDH2_42690.1, SRDH2_42690.4
OG0001159	STRK1_89470.1	SRDH2_95150.1
OG0001160	STRK1_19660.1	SRDH2_21690.1
OG0001161	STRK1_63340.1	SRDH2_66140.1
OG0001162	STRK1_36130.1	SRDH2_33290.2, SRDH2_33290.1, SRDH2_33290.3, SRDH2_33290.4, SRDH2_33290.5, SRDH2_33290.6, SRDH2_33290.7
OG0001163	STRK1_73930.3, STRK1_73930.1, STRK1_73930.2	SRDH2_79140.1
OG0001164	STRK1_78790.1	SRDH2_83150.1
OG0001165	STRK1_56170.1, STRK1_56170.2	SRDH2_59060.2, SRDH2_59060.3, SRDH2_59060.4, SRDH2_59060.5, SRDH2_59060.1
OG0001166	STRK1_10340.1	SRDH2_11420.4, SRDH2_11420.1, SRDH2_11420.2, SRDH2_11420.3
OG0001167	STRK1_36140.1	SRDH2_33270.1, SRDH2_33270.2, SRDH2_33270.3, SRDH2_33270.4
OG0001168	STRK1_7940.1, STRK1_7940.3, STRK1_7940.2, STRK1_7940.4	SRDH2_14570.1, SRDH2_14570.3, SRDH2_14570.4, SRDH2_14570.5, SRDH2_14570.2, SRDH2_14570.6
OG0001169	STRK1_49080.1	SRDH2_50920.1, SRDH2_50920.2
OG0001170	STRK1_10670.1	SRDH2_11730.1
OG0001171	STRK1_2820.1	SRDH2_16050.2, SRDH2_16050.1, SRDH2_16050.3
OG0001172	STRK1_61410.1, STRK1_61410.2	SRDH2_62080.3, SRDH2_62080.7, SRDH2_62080.6, SRDH2_62080.1, SRDH2_62080.4, SRDH2_62080.5, SRDH2_62080.2
OG0001173	STRK1_1170.1	SRDH2_1790.1, SRDH2_1790.2
OG0001174	STRK1_103690.1, STRK1_103690.2, STRK1_9210.1	SRDH2_10130.6, SRDH2_10130.1, SRDH2_10130.4, SRDH2_10130.2, SRDH2_10130.3, SRDH2_10130.5, SRDH2_101560.3, SRDH2_101560.1, SRDH2_101560.6, SRDH2_101560.4, SRDH2_101560.7, SRDH2_101560.2, SRDH2_101560.5, SRDH2_101560.8, SRDH2_101560.11, SRDH2_101560.12, SRDH2_101560.10, SRDH2_101560.9
OG0001175	STRK1_46530.1	SRDH2_53930.4, SRDH2_53930.1, SRDH2_53930.2, SRDH2_53930.3
OG0001176	STRK1_71450.1, STRK1_71450.2	SRDH2_75260.6, SRDH2_75260.1, SRDH2_75260.2, SRDH2_75260.3, SRDH2_75260.4, SRDH2_75260.5, SRDH2_75260.7
OG0001177	STRK1_23480.1	SRDH2_25230.2, SRDH2_25230.1
OG0001178	STRK1_17480.1	SRDH2_2720.1
OG0001178	STRK1_17490.1	SRDH2_102480.1, SRDH2_102470.1, SRDH2_2710.1, SRDH2_2710.4, SRDH2_2710.6, SRDH2_2710.2, SRDH2_2710.3, SRDH2_2710.5, SRDH2_2710.7
OG0001179	STRK1_94960.1, STRK1_94960.2	SRDH2_96580.1
OG0001180	STRK1_8870.1, STRK1_8870.2	SRDH2_9650.3, SRDH2_9650.6, SRDH2_9650.1, SRDH2_9650.8, SRDH2_9650.2, SRDH2_9650.5, SRDH2_9650.7, SRDH2_9650.4, SRDH2_9650.9, SRDH2_9650.10
OG0001181	STRK1_55860.1	SRDH2_59110.2, SRDH2_59110.3, SRDH2_59110.5, SRDH2_59110.4, SRDH2_59110.6, SRDH2_59110.1
OG0001182	STRK1_30780.1, STRK1_30780.2, STRK1_30780.3, STRK1_30780.4, STRK1_30780.5, STRK1_30780.6	SRDH2_33540.1, SRDH2_33540.2, SRDH2_33540.3
OG0001183	STRK1_10350.1	SRDH2_11430.6, SRDH2_11430.1, SRDH2_11430.3, SRDH2_11430.7, SRDH2_11430.2, SRDH2_11430.10, SRDH2_11430.4, SRDH2_11430.5, SRDH2_11430.8, SRDH2_11430.9
OG0001184	STRK1_16620.1	SRDH2_3600.4, SRDH2_3600.6, SRDH2_3600.7, SRDH2_3600.5, SRDH2_3600.1, SRDH2_3600.8, SRDH2_3600.2, SRDH2_3600.9, SRDH2_3600.3
OG0001185	STRK1_9990.1	SRDH2_11110.1, SRDH2_11110.2, SRDH2_11110.4, SRDH2_11110.3, SRDH2_11110.5
OG0001186	STRK1_99770.1, STRK1_6620.1, STRK1_6620.2	SRDH2_4970.1, SRDH2_4970.2, SRDH2_4970.3
OG0001187	STRK1_32380.1	SRDH2_31630.1
OG0001188	STRK1_13020.1, STRK1_13020.2	SRDH2_8120.3, SRDH2_8120.2, SRDH2_8120.1, SRDH2_8120.4, SRDH2_8120.5
OG0001189	STRK1_5250.1	SRDH2_13510.4, SRDH2_13510.3, SRDH2_13510.6, SRDH2_13510.7, SRDH2_13510.1, SRDH2_13510.2, SRDH2_13510.5
OG0001190	STRK1_30970.1	SRDH2_33740.2, SRDH2_33740.4, SRDH2_33740.3, SRDH2_33740.1
OG0001191	STRK1_15580.1	SRDH2_7070.1, SRDH2_7070.2
OG0001192	STRK1_41090.1	SRDH2_43040.1, SRDH2_43020.1
OG0001193	STRK1_80430.1, STRK1_80430.2, STRK1_80430.3, STRK1_80430.5, STRK1_80430.6, STRK1_80430.7, STRK1_80430.10, STRK1_80430.8, STRK1_80430.9, STRK1_80430.4	SRDH2_84900.1
OG0001194	STRK1_6210.5, STRK1_6210.1, STRK1_6210.2, STRK1_6210.3, STRK1_6210.4	SRDH2_6550.1
OG0001197	STRK1_20220.1, STRK1_106790.1, STRK1_108430.1	SRDH2_22730.1, SRDH2_22730.6, SRDH2_22730.5, SRDH2_22730.3, SRDH2_22730.2, SRDH2_22730.4
OG0001198	STRK1_105190.1	SRDH2_84610.1, SRDH2_84610.2, SRDH2_84610.4, SRDH2_84610.5, SRDH2_84610.6, SRDH2_84610.3
OG0001199	STRK1_76810.1, STRK1_76820.1, STRK1_76830.1	SRDH2_81730.1
OG0001199	STRK1_96800.1	SRDH2_81720.1
OG0001202	STRK1_11710.1, STRK1_11710.2	SRDH2_12630.6, SRDH2_12630.1, SRDH2_12630.2, SRDH2_12630.3, SRDH2_12630.4, SRDH2_12630.5
OG0001203	STRK1_78910.1	SRDH2_82940.4, SRDH2_82940.5, SRDH2_100130.1
OG0001204	STRK1_63100.1	SRDH2_69590.1
OG0001205	STRK1_31110.1, STRK1_31120.1	SRDH2_33960.5, SRDH2_33960.8, SRDH2_33960.9, SRDH2_33960.2, SRDH2_33960.7, SRDH2_33960.1, SRDH2_33960.3, SRDH2_33960.6, SRDH2_33960.4
OG0001206	STRK1_101600.1, STRK1_26990.1, STRK1_2190.1, STRK1_43960.1	SRDH2_6310.1, SRDH2_95710.1, SRDH2_270.1, SRDH2_64690.1, SRDH2_20220.1, SRDH2_34480.1, SRDH2_20210.1, SRDH2_58880.1
OG0001207	STRK1_4730.1, STRK1_4730.2, STRK1_4730.3	SRDH2_15540.1
OG0001208	STRK1_32960.1	SRDH2_31920.1
OG0001209	STRK1_50490.1	SRDH2_49460.12, SRDH2_49460.2, SRDH2_49460.9, SRDH2_49460.8, SRDH2_49460.6, SRDH2_49460.10, SRDH2_49460.11, SRDH2_49460.4, SRDH2_49460.5, SRDH2_49460.7, SRDH2_49460.3, SRDH2_49460.1
OG0001210	STRK1_94820.1	SRDH2_96440.1
OG0001211	STRK1_13600.1	SRDH2_18110.1
OG0001211	STRK1_13610.1	SRDH2_18120.1
OG0001212	STRK1_24080.1	SRDH2_24890.1
OG0001213	STRK1_6260.1	SRDH2_6870.5, SRDH2_6870.4, SRDH2_6870.1, SRDH2_6870.2, SRDH2_6870.3
OG0001214	STRK1_27100.1	SRDH2_28840.1, SRDH2_28840.2
OG0001215	STRK1_63740.1, STRK1_63740.2	SRDH2_65410.8, SRDH2_65410.1, SRDH2_65410.2, SRDH2_65410.4, SRDH2_65410.5, SRDH2_65410.6, SRDH2_65410.3, SRDH2_65410.7
OG0001216	STRK1_26060.1, STRK1_26060.2	SRDH2_27090.1, SRDH2_27090.2
OG0001217	STRK1_71800.1	SRDH2_72620.1
OG0001218	STRK1_7840.3, STRK1_7840.1, STRK1_7840.2	SRDH2_14450.1, SRDH2_14450.2, SRDH2_14450.3, SRDH2_14450.6, SRDH2_14450.4, SRDH2_14450.7, SRDH2_14450.5
OG0001219	STRK1_670.1, STRK1_670.2, STRK1_670.3	SRDH2_1210.1, SRDH2_1210.4, SRDH2_1210.2, SRDH2_1210.3
OG0001220	STRK1_90770.1	SRDH2_58340.1, SRDH2_98200.2, SRDH2_98200.1, SRDH2_98200.3, SRDH2_12780.1, SRDH2_12790.1
OG0001221	STRK1_59500.1	SRDH2_64040.1, SRDH2_64040.2, SRDH2_64040.5, SRDH2_64040.3, SRDH2_64040.4
OG0001222	STRK1_89240.1	SRDH2_94890.1
OG0001224	STRK1_80060.1	SRDH2_84460.2, SRDH2_84460.3, SRDH2_84460.1
OG0001225	STRK1_57450.1, STRK1_57450.2	SRDH2_60480.6, SRDH2_60480.3, SRDH2_60480.7, SRDH2_60480.8, SRDH2_60480.4, SRDH2_60480.5, SRDH2_60480.1, SRDH2_60480.2
OG0001226	STRK1_44010.1, STRK1_44020.1, STRK1_44000.1	SRDH2_46950.1
OG0001227	STRK1_65420.1, STRK1_65420.2	SRDH2_63490.2, SRDH2_63490.1
OG0001228	STRK1_42440.1	SRDH2_45340.1
OG0001229	STRK1_29500.1, STRK1_29500.2, STRK1_29500.3	SRDH2_30870.1, SRDH2_30870.2, SRDH2_30870.4, SRDH2_30870.3
OG0001230	STRK1_14280.1	SRDH2_17360.1
OG0001231	STRK1_37880.1, STRK1_37880.2, STRK1_37880.3	SRDH2_39680.1
OG0001232	STRK1_78820.1, STRK1_105280.1, STRK1_78830.1	SRDH2_83110.1
OG0001233	STRK1_3540.1	SRDH2_100320.1, SRDH2_6040.1
OG0001234	STRK1_41970.1, STRK1_41970.3, STRK1_41970.2, STRK1_100850.1	SRDH2_44440.1, SRDH2_44440.2
OG0001235	STRK1_37000.1, STRK1_37020.1	SRDH2_29230.1
OG0001235	STRK1_37010.1, STRK1_37030.1	SRDH2_29220.1, SRDH2_29220.2, SRDH2_29220.3
OG0001236	STRK1_63980.1	SRDH2_65120.1, SRDH2_65120.3, SRDH2_65120.4, SRDH2_65120.2, SRDH2_65120.6, SRDH2_65120.5
OG0001237	STRK1_26100.1	SRDH2_27050.1, SRDH2_27050.2
OG0001237	STRK1_26170.1	SRDH2_27010.1
OG0001238	STRK1_94050.1	SRDH2_86090.1
OG0001239	STRK1_7860.1	SRDH2_14470.1, SRDH2_14470.2, SRDH2_14470.3, SRDH2_14470.4, SRDH2_14470.6, SRDH2_14470.8, SRDH2_14470.5, SRDH2_14470.7
OG0001240	STRK1_46050.1	SRDH2_54950.2, SRDH2_54950.3, SRDH2_54950.4, SRDH2_54950.1, SRDH2_54950.8, SRDH2_54950.9, SRDH2_54950.5, SRDH2_54950.6, SRDH2_54950.7
OG0001241	STRK1_105360.1	SRDH2_61250.1
OG0001241	STRK1_73670.1	SRDH2_76320.1
OG0001242	STRK1_54180.1	SRDH2_57650.1, SRDH2_57650.10, SRDH2_57650.4, SRDH2_57650.7, SRDH2_57650.2, SRDH2_57650.3, SRDH2_57650.8, SRDH2_57650.9, SRDH2_57650.5, SRDH2_57650.6
OG0001243	STRK1_6240.1	SRDH2_6850.2, SRDH2_6850.1, SRDH2_6850.3, SRDH2_6850.8, SRDH2_6850.4, SRDH2_6850.6, SRDH2_6850.7, SRDH2_6850.5
OG0001244	STRK1_86560.1, STRK1_86560.2, STRK1_86560.3	SRDH2_93110.2, SRDH2_93110.3, SRDH2_93110.1, SRDH2_93110.4
OG0001245	STRK1_7670.1, STRK1_7670.2	SRDH2_14060.1
OG0001246	STRK1_34350.1	SRDH2_35040.3, SRDH2_35040.4, SRDH2_35040.10, SRDH2_35040.5, SRDH2_35040.9, SRDH2_35040.11, SRDH2_35040.8, SRDH2_35040.7, SRDH2_35040.6, SRDH2_35040.1, SRDH2_35040.2
OG0001247	STRK1_33780.1	SRDH2_37690.3, SRDH2_37690.1, SRDH2_37690.5, SRDH2_37690.2, SRDH2_37690.4
OG0001248	STRK1_3300.1	SRDH2_102320.1, SRDH2_102320.4, SRDH2_102320.2, SRDH2_102320.3, SRDH2_102320.5, SRDH2_102320.6, SRDH2_5730.2, SRDH2_5730.3, SRDH2_5730.4, SRDH2_5730.1
OG0001249	STRK1_30870.1, STRK1_30870.2, STRK1_30870.3	SRDH2_33620.3, SRDH2_33620.4, SRDH2_33620.2, SRDH2_33620.1
OG0001250	STRK1_1570.1	SRDH2_2060.1, SRDH2_2060.2, SRDH2_2070.1
OG0001251	STRK1_74520.1	SRDH2_79310.1
OG0001252	STRK1_106310.1, STRK1_46280.1	SRDH2_54130.1, SRDH2_54130.2, SRDH2_54130.3, SRDH2_54130.4
OG0001253	STRK1_48630.1	SRDH2_55900.2, SRDH2_55900.3, SRDH2_55900.4, SRDH2_55900.1
OG0001254	STRK1_34050.1	SRDH2_34730.2, SRDH2_34730.1
OG0001254	STRK1_34040.1	SRDH2_34720.1, SRDH2_34720.2
OG0001255	STRK1_36940.1, STRK1_36940.3, STRK1_36940.5, STRK1_36940.2, STRK1_36940.4	SRDH2_29310.1, SRDH2_29310.2
OG0001256	STRK1_50900.1, STRK1_50890.1	SRDH2_49130.4, SRDH2_49130.5, SRDH2_49130.6, SRDH2_49130.1, SRDH2_49130.2, SRDH2_49130.3
OG0001257	STRK1_25790.1	SRDH2_27340.1
OG0001258	STRK1_71070.1, STRK1_71070.3, STRK1_71070.2	SRDH2_78680.1, SRDH2_78680.3, SRDH2_78680.4, SRDH2_78680.5, SRDH2_78680.2
OG0001259	STRK1_57540.1, STRK1_57540.2	SRDH2_61120.1
OG0001260	STRK1_890.1	SRDH2_1510.1, SRDH2_1510.2, SRDH2_1510.3, SRDH2_1510.4, SRDH2_1510.5
OG0001261	STRK1_43280.1	SRDH2_45810.2, SRDH2_45810.6, SRDH2_45810.5, SRDH2_45810.4, SRDH2_45810.1, SRDH2_45810.3
OG0001262	STRK1_80480.1	SRDH2_84940.1, SRDH2_84940.2
OG0001263	STRK1_86670.3, STRK1_86670.1, STRK1_86670.2	SRDH2_92950.1
OG0001263	STRK1_86680.1	SRDH2_92940.1
OG0001265	STRK1_60190.1	SRDH2_62500.1, SRDH2_62500.2
OG0001266	STRK1_68390.1	SRDH2_71850.8, SRDH2_71850.1, SRDH2_71850.2, SRDH2_71850.3, SRDH2_71850.4, SRDH2_71850.5, SRDH2_71850.6, SRDH2_71850.7
OG0001267	STRK1_107010.1, STRK1_47540.1, STRK1_47540.2	SRDH2_52840.2, SRDH2_52840.1
OG0001268	STRK1_13010.1	SRDH2_8140.1
OG0001269	STRK1_22200.1	SRDH2_24110.1
OG0001270	STRK1_85300.1	SRDH2_91730.1
OG0001271	STRK1_62150.1	SRDH2_67400.1
OG0001272	STRK1_78050.1, STRK1_78050.2	SRDH2_82310.1
OG0001273	STRK1_75060.1	SRDH2_75580.3, SRDH2_75580.2, SRDH2_75580.4, SRDH2_75580.6, SRDH2_75580.1, SRDH2_75580.5
OG0001274	STRK1_66350.1	SRDH2_69990.1
OG0001275	STRK1_48060.1	SRDH2_55340.1, SRDH2_55340.2
OG0001276	STRK1_58460.1	SRDH2_68110.1, SRDH2_68110.4, SRDH2_68110.2, SRDH2_68110.3
OG0001277	STRK1_16770.1	SRDH2_3270.1
OG0001278	STRK1_85240.1	SRDH2_91970.4, SRDH2_91970.1, SRDH2_91970.2, SRDH2_91970.3, SRDH2_91970.5
OG0001279	STRK1_35920.1, STRK1_35920.2	SRDH2_32560.1, SRDH2_32560.2, SRDH2_32560.3, SRDH2_32560.4, SRDH2_32560.5, SRDH2_32560.6, SRDH2_32560.7, SRDH2_32560.8
OG0001280	STRK1_46170.1, STRK1_46170.2	SRDH2_54260.1, SRDH2_54260.2, SRDH2_54260.3
OG0001281	STRK1_72360.1	SRDH2_80250.1, SRDH2_80270.1
OG0001282	STRK1_90890.1	SRDH2_98030.4, SRDH2_98030.1, SRDH2_98030.6, SRDH2_98030.3, SRDH2_98030.2, SRDH2_98030.5
OG0001283	STRK1_36260.1	SRDH2_33120.1
OG0001284	STRK1_4070.1	SRDH2_18260.6, SRDH2_18260.1, SRDH2_18260.2, SRDH2_18260.5, SRDH2_18260.3, SRDH2_18260.4
OG0001285	STRK1_102720.1	SRDH2_680.1
OG0001286	STRK1_86160.1	SRDH2_91850.2, SRDH2_91850.1, SRDH2_91850.3
OG0001288	STRK1_90450.1	SRDH2_97360.2, SRDH2_97360.4, SRDH2_97360.3, SRDH2_97360.1
OG0001289	STRK1_30350.1	SRDH2_29960.2, SRDH2_29960.3, SRDH2_29960.4, SRDH2_29960.1, SRDH2_29960.5
OG0001290	STRK1_6690.1, STRK1_6690.2	SRDH2_5010.4, SRDH2_5010.1, SRDH2_5010.5, SRDH2_5010.7, SRDH2_5010.8, SRDH2_5010.6, SRDH2_5010.10, SRDH2_5010.2, SRDH2_5010.9, SRDH2_5010.3, SRDH2_5010.11
OG0001292	STRK1_15450.1, STRK1_15460.1	SRDH2_7190.1
OG0001293	STRK1_96940.1	SRDH2_56580.2, SRDH2_56580.5, SRDH2_56580.3, SRDH2_56580.4, SRDH2_56580.1
OG0001294	STRK1_31600.1	SRDH2_36400.1, SRDH2_36400.4, SRDH2_36400.2, SRDH2_36400.3
OG0001295	STRK1_31890.1	SRDH2_36710.2, SRDH2_36710.5, SRDH2_36710.4, SRDH2_36710.3, SRDH2_36710.6, SRDH2_36710.8, SRDH2_36710.1, SRDH2_36710.7
OG0001296	STRK1_7250.1	SRDH2_7640.1, SRDH2_7640.3, SRDH2_7640.2
OG0001297	STRK1_11250.1	SRDH2_13230.1
OG0001298	STRK1_31060.2	SRDH2_33830.3
OG0001299	STRK1_34000.1	SRDH2_34680.1
OG0001300	STRK1_3590.1	SRDH2_6100.1
OG0001301	STRK1_48300.1	SRDH2_55430.3, SRDH2_55430.5, SRDH2_55430.7, SRDH2_55430.8, SRDH2_55430.2, SRDH2_55430.4, SRDH2_55430.6, SRDH2_55430.1
OG0001302	STRK1_17800.1, STRK1_17800.2	SRDH2_45950.1, SRDH2_2500.1, SRDH2_2500.3, SRDH2_2500.2
OG0001303	STRK1_31900.1	SRDH2_36720.1
OG0001304	STRK1_101310.1, STRK1_87600.1, STRK1_87600.2	SRDH2_91380.1
OG0001305	STRK1_860.1	SRDH2_1540.1, SRDH2_1540.2, SRDH2_1540.3, SRDH2_1540.5, SRDH2_1540.4
OG0001306	STRK1_60730.1, STRK1_60730.2	SRDH2_63120.1, SRDH2_63110.1
OG0001307	STRK1_79970.1, STRK1_79970.2	SRDH2_83640.1
OG0001307	STRK1_79960.1, STRK1_79960.2	SRDH2_83610.1
OG0001308	STRK1_90800.1	SRDH2_98170.1, SRDH2_98160.1
OG0001309	STRK1_75370.1, STRK1_75370.2	SRDH2_75870.1
OG0001310	STRK1_25250.1, STRK1_25270.1, STRK1_107960.1	SRDH2_27890.5, SRDH2_27890.4, SRDH2_27890.1, SRDH2_27890.2, SRDH2_27890.3
OG0001311	STRK1_41960.1, STRK1_41960.2	SRDH2_44430.1, SRDH2_44430.3, SRDH2_44430.2
OG0001312	STRK1_32130.1	SRDH2_36970.1, SRDH2_36970.10, SRDH2_36970.11, SRDH2_36970.3, SRDH2_36970.4, SRDH2_36970.5, SRDH2_36970.7, SRDH2_36970.8, SRDH2_36970.9, SRDH2_36970.6, SRDH2_36970.2, SRDH2_36970.12
OG0001313	STRK1_41840.1, STRK1_41830.1, STRK1_41850.1, STRK1_41860.1	SRDH2_42110.1, SRDH2_42120.1
OG0001314	STRK1_9850.1	SRDH2_10880.1, SRDH2_10880.5, SRDH2_10880.8, SRDH2_10880.6, SRDH2_10880.9, SRDH2_10880.7, SRDH2_10880.2, SRDH2_10880.4, SRDH2_10880.3
OG0001315	STRK1_32170.1	SRDH2_37020.4, SRDH2_37020.2, SRDH2_37020.1, SRDH2_37020.6, SRDH2_37020.3, SRDH2_37020.5, SRDH2_37020.7, SRDH2_37020.8, SRDH2_37020.9
OG0001316	STRK1_36010.1	SRDH2_32650.3, SRDH2_32650.4, SRDH2_32650.5, SRDH2_32650.2, SRDH2_32650.1
OG0001316	STRK1_82350.1, STRK1_82340.1	SRDH2_87970.1
OG0001318	STRK1_210.1, STRK1_210.2	SRDH2_730.3, SRDH2_730.2
OG0001319	STRK1_37910.1	SRDH2_39710.3, SRDH2_39710.1, SRDH2_39710.4, SRDH2_39710.2, SRDH2_39710.5, SRDH2_39710.6
OG0001320	STRK1_63990.1	SRDH2_65150.3, SRDH2_65150.1, SRDH2_65150.2, SRDH2_65150.4, SRDH2_65150.5
OG0001321	STRK1_4620.1, STRK1_97730.1, STRK1_105850.1, STRK1_19570.1, STRK1_19550.2, STRK1_19550.1, STRK1_19560.1, STRK1_14150.1, STRK1_14140.1	SRDH2_21640.1
OG0001322	STRK1_45660.1, STRK1_104780.1	SRDH2_48520.10, SRDH2_48520.4, SRDH2_48520.3, SRDH2_48520.7, SRDH2_48520.1, SRDH2_48520.8, SRDH2_48520.9, SRDH2_48520.2, SRDH2_48520.5, SRDH2_48520.6
OG0001323	STRK1_390.1, STRK1_390.2	SRDH2_890.1, SRDH2_890.4, SRDH2_890.7, SRDH2_890.2, SRDH2_890.5, SRDH2_890.6, SRDH2_890.3
OG0001324	STRK1_98350.1, STRK1_98350.2	SRDH2_90480.1
OG0001325	STRK1_92310.1	SRDH2_99510.16, SRDH2_99510.17, SRDH2_99510.13, SRDH2_99510.14, SRDH2_99510.1, SRDH2_99510.10, SRDH2_99510.12, SRDH2_99510.15, SRDH2_99510.2, SRDH2_99510.3, SRDH2_99510.4, SRDH2_99510.5, SRDH2_99510.6, SRDH2_99510.7, SRDH2_99510.8, SRDH2_99510.11, SRDH2_99510.9
OG0001326	STRK1_51640.1	SRDH2_54680.5, SRDH2_54680.2, SRDH2_54680.4, SRDH2_54680.6, SRDH2_54680.1, SRDH2_54680.3
OG0001327	STRK1_100050.1, STRK1_87200.1	SRDH2_93910.1
OG0001328	STRK1_15750.1	SRDH2_4570.3, SRDH2_4570.1, SRDH2_4570.2
OG0001330	STRK1_29080.1	SRDH2_31290.1, SRDH2_31290.2, SRDH2_31290.3, SRDH2_31290.4, SRDH2_31290.6, SRDH2_31290.5
OG0001331	STRK1_51100.1	SRDH2_48950.1, SRDH2_48950.2, SRDH2_48950.3, SRDH2_48950.4, SRDH2_48950.5
OG0001332	STRK1_57110.2, STRK1_57110.1	SRDH2_60840.1
OG0001332	STRK1_108580.1	SRDH2_73680.1
OG0001333	STRK1_58690.1	SRDH2_67880.1, SRDH2_67880.2, SRDH2_67880.3, SRDH2_67880.4, SRDH2_67880.5, SRDH2_67880.6
OG0001334	STRK1_940.1	SRDH2_1580.1, SRDH2_1580.2
OG0001335	STRK1_29220.1, STRK1_29220.2	SRDH2_31150.1
OG0001336	STRK1_44450.1, STRK1_44440.1, STRK1_44480.1	SRDH2_47130.1
OG0001337	STRK1_51740.1	SRDH2_54790.3, SRDH2_54790.2, SRDH2_54790.6, SRDH2_54790.1, SRDH2_54790.5, SRDH2_54790.4
OG0001338	STRK1_27960.1, STRK1_27960.2	SRDH2_37820.1
OG0001339	STRK1_10570.1	SRDH2_11590.1, SRDH2_11590.4, SRDH2_11590.2, SRDH2_11590.3
OG0001340	STRK1_9010.1	SRDH2_9790.1, SRDH2_9780.1
OG0001341	STRK1_70900.2, STRK1_70900.1, STRK1_70900.3	SRDH2_78870.1
OG0001342	STRK1_46830.1	SRDH2_53570.1, SRDH2_53570.3, SRDH2_53570.2
OG0001343	STRK1_69840.1, STRK1_69840.2	SRDH2_73650.1
OG0001344	STRK1_74140.1	SRDH2_78940.3, SRDH2_78940.6, SRDH2_78940.1, SRDH2_78940.2, SRDH2_78940.4, SRDH2_78940.7, SRDH2_78940.5
OG0001345	STRK1_37400.1, STRK1_37400.2	SRDH2_42670.1, SRDH2_42670.2, SRDH2_42670.4, SRDH2_42670.3, SRDH2_42670.5, SRDH2_42670.6, SRDH2_42670.7
OG0001346	STRK1_5040.1	SRDH2_12310.1, SRDH2_12280.1, SRDH2_12270.1, SRDH2_12290.1, SRDH2_12320.1, SRDH2_12330.1
OG0001347	STRK1_35110.1	SRDH2_35830.1
OG0001348	STRK1_30760.1, STRK1_30770.1	SRDH2_33510.1
OG0001349	STRK1_4500.1	SRDH2_15790.1
OG0001350	STRK1_32520.1, STRK1_32520.2	SRDH2_31510.1, SRDH2_31510.2
OG0001351	STRK1_102860.1, STRK1_105640.1, STRK1_22250.1	SRDH2_24140.4, SRDH2_24140.2, SRDH2_24140.3, SRDH2_24140.1
OG0001352	STRK1_22390.1, STRK1_22390.2	SRDH2_24250.1, SRDH2_24250.2
OG0001353	STRK1_99950.1, STRK1_59340.1, STRK1_59340.3, STRK1_59340.2	SRDH2_64240.1, SRDH2_64240.2, SRDH2_64240.3
OG0001354	STRK1_61770.1, STRK1_61700.1, STRK1_61710.1	SRDH2_66960.1, SRDH2_66960.2, SRDH2_66960.3
OG0001355	STRK1_44260.1, STRK1_101750.1, STRK1_44270.1	SRDH2_61180.3, SRDH2_61180.1, SRDH2_61180.2, SRDH2_61180.4
OG0001356	STRK1_69890.1	SRDH2_73490.1, SRDH2_73490.3, SRDH2_73490.8, SRDH2_73490.2, SRDH2_73490.4, SRDH2_73490.7, SRDH2_73490.5, SRDH2_73490.6
OG0001357	STRK1_37830.1, STRK1_37830.2, STRK1_37830.3, STRK1_37830.4	SRDH2_39590.1, SRDH2_39590.2, SRDH2_39590.7, SRDH2_39590.3, SRDH2_39590.6, SRDH2_39590.4, SRDH2_39590.5, SRDH2_39590.8
OG0001358	STRK1_87550.1, STRK1_87550.2	SRDH2_91470.1, SRDH2_91470.3, SRDH2_91470.4, SRDH2_91470.2
OG0001359	STRK1_70660.1	SRDH2_72800.1
OG0001361	STRK1_27210.1, STRK1_27220.1	SRDH2_28950.1, SRDH2_28950.5, SRDH2_28950.9, SRDH2_28950.3, SRDH2_28950.4, SRDH2_28950.6, SRDH2_28950.7, SRDH2_28950.8, SRDH2_28950.2, SRDH2_28950.10
OG0001362	STRK1_29380.1, STRK1_29380.2	SRDH2_31000.3, SRDH2_31000.4, SRDH2_31000.6, SRDH2_31000.1, SRDH2_31000.2, SRDH2_31000.5
OG0001363	STRK1_94590.1, STRK1_90740.1, STRK1_90740.3, STRK1_90740.2	SRDH2_98230.1, SRDH2_98230.2
OG0001364	STRK1_103220.1, STRK1_82320.1	SRDH2_87980.1, SRDH2_87980.11, SRDH2_87980.2, SRDH2_87980.3, SRDH2_87980.7, SRDH2_87980.6, SRDH2_87980.10, SRDH2_87980.4, SRDH2_87980.5, SRDH2_87980.8, SRDH2_87980.9
OG0001365	STRK1_72630.1	SRDH2_79990.1
OG0001366	STRK1_47660.3, STRK1_47660.2, STRK1_47660.1	SRDH2_52740.3, SRDH2_52740.2, SRDH2_52740.1
OG0001367	STRK1_93040.1	SRDH2_98820.1
OG0001368	STRK1_4250.1	SRDH2_18470.1, SRDH2_18470.2, SRDH2_18470.7, SRDH2_18470.4, SRDH2_18470.6, SRDH2_18470.3, SRDH2_18470.5, SRDH2_18470.8, SRDH2_18470.9
OG0001369	STRK1_85650.1, STRK1_85650.2	SRDH2_93510.3, SRDH2_93510.1, SRDH2_93510.2
OG0001370	STRK1_55430.1, STRK1_55440.1, STRK1_55420.1	SRDH2_60070.1
OG0001371	STRK1_31210.1	SRDH2_34020.1
OG0001372	STRK1_27920.1	SRDH2_37770.1
OG0001374	STRK1_60090.1	SRDH2_62410.6, SRDH2_62410.2, SRDH2_62410.5, SRDH2_62410.1, SRDH2_62410.3, SRDH2_62410.4
OG0001375	STRK1_73870.1, STRK1_73870.2	SRDH2_79210.1
OG0001376	STRK1_55280.1, STRK1_83980.1, STRK1_83980.2, STRK1_110470.1	SRDH2_89440.6, SRDH2_89440.2, SRDH2_89440.3, SRDH2_89440.4, SRDH2_89440.5, SRDH2_89440.1
OG0001377	STRK1_59780.1, STRK1_59780.2	SRDH2_63760.5, SRDH2_63760.1, SRDH2_63760.4, SRDH2_63760.6, SRDH2_63760.7, SRDH2_63760.2, SRDH2_63760.3, SRDH2_63760.8, SRDH2_63760.9
OG0001378	STRK1_16860.1	SRDH2_3340.1
OG0001379	STRK1_67940.1	SRDH2_72320.5, SRDH2_72320.1, SRDH2_72320.4, SRDH2_72320.3, SRDH2_72320.2
OG0001380	STRK1_57030.1, STRK1_57030.2	SRDH2_60910.5, SRDH2_60910.6, SRDH2_60910.1, SRDH2_60910.2, SRDH2_60910.3, SRDH2_60910.4, SRDH2_60910.8, SRDH2_60910.10, SRDH2_60910.9, SRDH2_60910.7
OG0001381	STRK1_71590.1	SRDH2_75150.2, SRDH2_75150.1, SRDH2_75150.3, SRDH2_75150.4, SRDH2_75150.5, SRDH2_75150.6, SRDH2_75150.7
OG0001382	STRK1_26090.1	SRDH2_27060.3, SRDH2_27060.1, SRDH2_27060.2
OG0001383	STRK1_16120.1	SRDH2_4190.4, SRDH2_4190.1, SRDH2_4190.6, SRDH2_4190.3, SRDH2_4190.5, SRDH2_4190.2
OG0001384	STRK1_84640.1	SRDH2_90620.1
OG0001385	STRK1_99740.1, STRK1_21890.1, STRK1_104990.1, STRK1_21920.1	SRDH2_23830.1
OG0001386	STRK1_39770.1, STRK1_39790.1, STRK1_39800.1	SRDH2_44410.2, SRDH2_44410.4, SRDH2_44410.1, SRDH2_44410.8, SRDH2_44410.6, SRDH2_44410.7, SRDH2_44410.5, SRDH2_44410.3
OG0001387	STRK1_108060.1	SRDH2_90490.1, SRDH2_90490.2, SRDH2_90490.3, SRDH2_90490.4
OG0001388	STRK1_10820.1	SRDH2_12030.1
OG0001389	STRK1_43860.1, STRK1_43860.2	SRDH2_46760.1, SRDH2_46760.2, SRDH2_46760.5, SRDH2_46760.3, SRDH2_46760.4, SRDH2_46760.6, SRDH2_46760.7
OG0001390	STRK1_38100.1, STRK1_38120.1, STRK1_38090.1	SRDH2_39940.1, SRDH2_39940.2
OG0001391	STRK1_35550.1	SRDH2_32200.2, SRDH2_32200.4, SRDH2_32200.5, SRDH2_32200.6, SRDH2_32200.1, SRDH2_32200.3
OG0001392	STRK1_7920.1	SRDH2_14550.1, SRDH2_14550.2, SRDH2_14550.3, SRDH2_14550.5, SRDH2_14550.6, SRDH2_14550.7, SRDH2_14550.8, SRDH2_14550.9, SRDH2_14550.4
OG0001393	STRK1_14800.1	SRDH2_16730.1
OG0001393	STRK1_14810.1, STRK1_14810.2, STRK1_14810.3	SRDH2_16710.1
OG0001394	STRK1_100110.1, STRK1_76170.1	SRDH2_78110.2, SRDH2_78110.3, SRDH2_78110.1
OG0001395	STRK1_22490.1, STRK1_22490.2	SRDH2_26090.1
OG0001396	STRK1_45870.1	SRDH2_48570.1
OG0001396	STRK1_45880.1, STRK1_45880.2	SRDH2_48580.1
OG0001397	STRK1_59650.1, STRK1_59650.2	SRDH2_63890.1, SRDH2_63890.2, SRDH2_63890.3
OG0001398	STRK1_10600.1	SRDH2_11640.10, SRDH2_11640.7, SRDH2_11640.8, SRDH2_11640.3, SRDH2_11640.4, SRDH2_11640.6, SRDH2_11640.9, SRDH2_11640.1, SRDH2_11640.2, SRDH2_11640.5
OG0001399	STRK1_89220.1	SRDH2_94860.1, SRDH2_94870.1
OG0001400	STRK1_97090.1, STRK1_105050.1	SRDH2_83350.1
OG0001401	STRK1_54410.1	SRDH2_51660.2, SRDH2_51660.3, SRDH2_51660.1, SRDH2_51660.4
OG0001402	STRK1_26890.1	SRDH2_26420.1, SRDH2_26420.2, SRDH2_26420.3, SRDH2_26420.4, SRDH2_26420.5, SRDH2_26420.6
OG0001403	STRK1_98040.1, STRK1_54600.1	SRDH2_56110.4, SRDH2_56110.1, SRDH2_56110.3, SRDH2_56110.2, SRDH2_56110.5
OG0001404	STRK1_17820.1, STRK1_17820.8, STRK1_17820.9, STRK1_17820.6, STRK1_17820.5, STRK1_17820.2, STRK1_17820.3, STRK1_17820.7, STRK1_17820.4	SRDH2_20020.1
OG0001405	STRK1_34700.4, STRK1_34700.6, STRK1_34700.1, STRK1_34700.2, STRK1_34700.3, STRK1_34700.5	SRDH2_35390.1
OG0001406	STRK1_36650.1	SRDH2_29620.1
OG0001407	STRK1_81980.1	SRDH2_87500.3, SRDH2_87500.4, SRDH2_87500.1, SRDH2_87500.2, SRDH2_88260.1
OG0001408	STRK1_24960.1	SRDH2_24700.1, SRDH2_24700.2
OG0001408	STRK1_24940.1	SRDH2_24680.1
OG0001409	STRK1_49570.1	SRDH2_50430.5, SRDH2_50430.3, SRDH2_50430.4, SRDH2_50430.2, SRDH2_50430.1
OG0001410	STRK1_35930.1	SRDH2_32580.1, SRDH2_32570.1, SRDH2_32570.2
OG0001411	STRK1_27190.1	SRDH2_28930.1
OG0001412	STRK1_27290.1	SRDH2_29020.2, SRDH2_29020.6, SRDH2_29020.4, SRDH2_29020.5, SRDH2_29020.1, SRDH2_29020.3
OG0001413	STRK1_90290.1, STRK1_90290.2	SRDH2_97610.2, SRDH2_97610.1
OG0001414	STRK1_15960.1	SRDH2_4370.1, SRDH2_4370.2
OG0001415	STRK1_32360.1, STRK1_32360.2	SRDH2_31650.2, SRDH2_31650.3, SRDH2_31650.5, SRDH2_31650.1, SRDH2_31650.4
OG0001416	STRK1_5120.1, STRK1_5120.2	SRDH2_12200.3, SRDH2_12200.4, SRDH2_12200.1, SRDH2_12200.2, SRDH2_12200.5, SRDH2_12200.6
OG0001417	STRK1_13190.1	SRDH2_14230.2, SRDH2_14230.3, SRDH2_14230.4, SRDH2_14230.1, SRDH2_14230.5
OG0001418	STRK1_91360.1	SRDH2_220.1
OG0001420	STRK1_80240.1, STRK1_80240.2	SRDH2_84670.1
OG0001421	STRK1_28270.1	SRDH2_34400.2, SRDH2_34400.1
OG0001422	STRK1_70820.1	SRDH2_76830.6, SRDH2_76830.2, SRDH2_76830.5, SRDH2_76830.1, SRDH2_76830.4, SRDH2_76830.3
OG0001423	STRK1_10530.1	SRDH2_11550.1, SRDH2_11550.4, SRDH2_11550.6, SRDH2_11550.3, SRDH2_11550.5, SRDH2_11550.2, SRDH2_11550.7, SRDH2_11550.9, SRDH2_11550.8
OG0001424	STRK1_8820.1	SRDH2_9610.1, SRDH2_9640.1
OG0001425	STRK1_22670.1, STRK1_22670.2, STRK1_22670.3, STRK1_22670.4, STRK1_22670.5, STRK1_22670.6	SRDH2_25900.1
OG0001426	STRK1_5770.1, STRK1_90570.1	SRDH2_6370.1
OG0001427	STRK1_26900.1	SRDH2_26430.3, SRDH2_26430.1, SRDH2_26430.2, SRDH2_26430.4, SRDH2_26430.5
OG0001428	STRK1_17540.1	SRDH2_2610.1
OG0001429	STRK1_47360.1	SRDH2_53040.7, SRDH2_53040.6, SRDH2_53040.2, SRDH2_53040.3, SRDH2_53040.1, SRDH2_53040.5, SRDH2_53040.4
OG0001430	STRK1_54760.1	SRDH2_56210.1
OG0001430	STRK1_54750.1	SRDH2_56200.1, SRDH2_56190.1
OG0001431	STRK1_62540.1, STRK1_62540.2, STRK1_62540.3, STRK1_62540.4, STRK1_62540.5	SRDH2_65880.1, SRDH2_65880.2, SRDH2_65880.3, SRDH2_65880.4, SRDH2_65880.5
OG0001432	STRK1_105570.1, STRK1_105580.1, STRK1_20610.1	SRDH2_22200.16, SRDH2_22200.13, SRDH2_22200.7, SRDH2_22200.6, SRDH2_22200.10, SRDH2_22200.12, SRDH2_22200.5, SRDH2_22200.11, SRDH2_22200.3, SRDH2_22200.8, SRDH2_22200.9, SRDH2_22200.14, SRDH2_22200.4, SRDH2_22200.1, SRDH2_22200.15, SRDH2_22200.2
OG0001433	STRK1_101710.1, STRK1_104940.1	SRDH2_21170.2, SRDH2_21170.1, SRDH2_21170.3
OG0001434	STRK1_93350.1	SRDH2_98480.1, SRDH2_98480.3, SRDH2_98480.2
OG0001435	STRK1_73840.1, STRK1_73840.2, STRK1_73840.3, STRK1_73840.4	SRDH2_79240.1
OG0001436	STRK1_74830.1	SRDH2_79630.1, SRDH2_79630.2, SRDH2_79630.3, SRDH2_79630.4
OG0001437	STRK1_110490.1, STRK1_49140.1	SRDH2_50840.1
OG0001437	STRK1_48130.1	SRDH2_55550.1
OG0001438	STRK1_105840.1, STRK1_13340.1	SRDH2_19400.1, SRDH2_19400.2, SRDH2_19400.3, SRDH2_19400.4, SRDH2_19400.5
OG0001439	STRK1_73520.1, STRK1_73520.3, STRK1_73520.2, STRK1_73520.4	SRDH2_77560.1, SRDH2_77560.2, SRDH2_77560.3, SRDH2_77560.4, SRDH2_77560.5
OG0001440	STRK1_33710.1, STRK1_33710.2, STRK1_33710.3	SRDH2_37630.1, SRDH2_37630.3, SRDH2_37630.2
OG0001441	STRK1_88590.1, STRK1_88600.1	SRDH2_92660.5, SRDH2_92660.2, SRDH2_92660.3, SRDH2_92660.1, SRDH2_92660.4
OG0001443	STRK1_1800.1	SRDH2_19870.5, SRDH2_19870.6, SRDH2_19870.10, SRDH2_19870.3, SRDH2_19870.7, SRDH2_19870.9, SRDH2_19870.1, SRDH2_19870.8, SRDH2_19870.2, SRDH2_19870.4, SRDH2_19870.11
OG0001444	STRK1_70540.1, STRK1_70540.2, STRK1_70540.3	SRDH2_72950.1
OG0001445	STRK1_108950.1, STRK1_108950.2	SRDH2_75540.1, SRDH2_75540.3, SRDH2_75540.2, SRDH2_75540.4, SRDH2_75540.7, SRDH2_75540.10, SRDH2_75540.11, SRDH2_75540.5, SRDH2_75540.8, SRDH2_75540.9, SRDH2_75540.6
OG0001446	STRK1_101550.1, STRK1_42690.1	SRDH2_45030.1, SRDH2_45040.1
OG0001447	STRK1_111190.1, STRK1_76740.1	SRDH2_81880.1
OG0001447	STRK1_111170.1, STRK1_111160.1, STRK1_76760.1	SRDH2_81890.1
OG0001448	STRK1_111140.1, STRK1_76770.1, STRK1_111150.1	SRDH2_81750.1, SRDH2_81800.1, SRDH2_81900.4, SRDH2_81900.2, SRDH2_81900.3, SRDH2_81900.1, SRDH2_81870.1
OG0001449	STRK1_34340.1	SRDH2_35030.2, SRDH2_35030.1, SRDH2_35030.3
OG0001450	STRK1_13970.1	SRDH2_17620.1
OG0001454	STRK1_80440.1	SRDH2_84910.1
OG0001455	STRK1_90500.1	SRDH2_99620.1
OG0001456	STRK1_102150.1, STRK1_67470.1, STRK1_66620.1, STRK1_66630.1	SRDH2_70440.1
OG0001457	STRK1_15390.1	SRDH2_5340.1, SRDH2_5340.2
OG0001458	STRK1_29810.2, STRK1_29810.4, STRK1_29810.1, STRK1_29810.3	SRDH2_30600.1
OG0001459	STRK1_56830.1	SRDH2_58460.2, SRDH2_58460.1, SRDH2_58450.1
OG0001460	STRK1_30880.1	SRDH2_33650.1
OG0001461	STRK1_26650.1, STRK1_26650.2	SRDH2_28650.2, SRDH2_28650.3, SRDH2_28650.1
OG0001462	STRK1_56150.1, STRK1_56150.2, STRK1_56150.3, STRK1_56150.4	SRDH2_59040.1, SRDH2_59040.3, SRDH2_59040.2
OG0001463	STRK1_57580.1, STRK1_57570.1, STRK1_99760.1, STRK1_98190.1, STRK1_98180.1	SRDH2_61140.2, SRDH2_61140.1
OG0001464	STRK1_47630.1, STRK1_47610.1	SRDH2_52770.1
OG0001465	STRK1_72070.1, STRK1_72070.2	SRDH2_77120.1
OG0001466	STRK1_6740.1, STRK1_6740.2, STRK1_6740.3, STRK1_6740.4, STRK1_6740.5, STRK1_6740.6	SRDH2_5080.1, SRDH2_5030.1
OG0001467	STRK1_63200.3, STRK1_63200.5, STRK1_63200.6, STRK1_63200.1, STRK1_63200.2, STRK1_63200.4	SRDH2_64470.1, SRDH2_64470.2, SRDH2_64470.4, SRDH2_64470.3
OG0001468	STRK1_15650.1	SRDH2_4670.2, SRDH2_4670.3
OG0001469	STRK1_80110.1	SRDH2_84520.1
OG0001470	STRK1_61780.1, STRK1_61740.1	SRDH2_66950.1
OG0001471	STRK1_61380.1, STRK1_61370.1, STRK1_61390.1	SRDH2_62120.1, SRDH2_62110.1
OG0001472	STRK1_61680.1, STRK1_61690.1, STRK1_111360.1	SRDH2_68180.2, SRDH2_68180.1, SRDH2_68180.3
OG0001473	STRK1_75330.1	SRDH2_75830.1, SRDH2_75830.2, SRDH2_75830.3
OG0001474	STRK1_106530.2, STRK1_106530.4, STRK1_106530.6, STRK1_106530.7, STRK1_106530.1, STRK1_106530.8, STRK1_106530.9, STRK1_106530.5, STRK1_106530.3	SRDH2_40710.1
OG0001475	STRK1_48250.3, STRK1_48250.1, STRK1_48250.4, STRK1_48250.5, STRK1_48250.2	SRDH2_55500.2, SRDH2_55500.1, SRDH2_55500.3, SRDH2_55500.4
OG0001476	STRK1_12490.1	SRDH2_8710.1
OG0001477	STRK1_53700.1, STRK1_53700.2, STRK1_53700.3, STRK1_53700.4, STRK1_53700.5	SRDH2_57390.5, SRDH2_57390.3, SRDH2_57390.1, SRDH2_57390.2, SRDH2_57390.4, SRDH2_57390.6
OG0001478	STRK1_20580.1, STRK1_20580.2	SRDH2_22250.1
OG0001479	STRK1_9000.1	SRDH2_9840.1, SRDH2_9800.1
OG0001480	STRK1_10120.1	SRDH2_11170.4, SRDH2_11170.5, SRDH2_11170.2, SRDH2_11170.1, SRDH2_11170.3, SRDH2_11170.6
OG0001481	STRK1_45590.1, STRK1_45600.1	SRDH2_48370.1, SRDH2_48380.1, SRDH2_48370.2
OG0001482	STRK1_89840.1, STRK1_89840.2	SRDH2_95310.1
OG0001483	STRK1_69490.1, STRK1_69490.2	SRDH2_74010.2, SRDH2_74010.3, SRDH2_74010.6, SRDH2_74010.5, SRDH2_74010.1, SRDH2_74010.4, SRDH2_74010.7, SRDH2_74010.8
OG0001484	STRK1_21560.1, STRK1_21560.2	SRDH2_23540.1, SRDH2_23540.2, SRDH2_23540.3, SRDH2_23540.5, SRDH2_23540.4
OG0001485	STRK1_35100.1, STRK1_35100.2	SRDH2_35820.3, SRDH2_35820.1, SRDH2_35820.2
OG0001486	STRK1_47170.1, STRK1_47170.2	SRDH2_53200.1, SRDH2_53200.2, SRDH2_53200.3
OG0001487	STRK1_24250.1, STRK1_24250.2, STRK1_24250.3	SRDH2_25020.5, SRDH2_25020.6, SRDH2_25020.4, SRDH2_25020.3, SRDH2_25020.1, SRDH2_25020.2
OG0001488	STRK1_30750.1	SRDH2_33520.1
OG0001488	STRK1_93010.1	SRDH2_98850.1
OG0001489	STRK1_22720.1	SRDH2_25800.1
OG0001490	STRK1_32140.1	SRDH2_36980.1, SRDH2_36980.2
OG0001491	STRK1_3240.1, STRK1_3240.2	SRDH2_5690.2, SRDH2_5690.3, SRDH2_5690.1
OG0001492	STRK1_50790.1	SRDH2_49240.1, SRDH2_49240.2
OG0001493	STRK1_43880.1, STRK1_43880.2, STRK1_97930.1	SRDH2_46790.4, SRDH2_46790.1, SRDH2_46790.2, SRDH2_46790.3, SRDH2_46790.5, SRDH2_46790.6, SRDH2_46790.7
OG0001494	STRK1_26330.1, STRK1_26330.2, STRK1_26330.3	SRDH2_26870.1, SRDH2_26870.2
OG0001495	STRK1_7370.1	SRDH2_7770.1, SRDH2_7770.2, SRDH2_7770.3, SRDH2_7770.4, SRDH2_7770.5, SRDH2_7770.6, SRDH2_7770.7
OG0001496	STRK1_73590.1	SRDH2_77650.1
OG0001497	STRK1_35420.1	SRDH2_38420.3, SRDH2_38420.8, SRDH2_38420.2, SRDH2_38420.5, SRDH2_38420.1, SRDH2_38420.4, SRDH2_38420.6, SRDH2_38420.7
OG0001498	STRK1_42280.1, STRK1_42270.1, STRK1_42270.2	SRDH2_45630.5, SRDH2_45630.2, SRDH2_45630.1, SRDH2_45630.7, SRDH2_45630.4, SRDH2_45630.3, SRDH2_45630.6
OG0001499	STRK1_58560.1	SRDH2_68040.1, SRDH2_68040.5, SRDH2_68040.2, SRDH2_68040.3, SRDH2_68040.4
OG0001500	STRK1_62940.2, STRK1_62940.1, STRK1_62940.4, STRK1_62940.3	SRDH2_69750.3, SRDH2_69750.4, SRDH2_69750.1, SRDH2_69750.2
OG0001501	STRK1_93650.1	SRDH2_96190.1
OG0001502	STRK1_108690.1, STRK1_103250.1, STRK1_110.1, STRK1_130.1	SRDH2_670.1
OG0001503	STRK1_51900.1, STRK1_51900.2	SRDH2_54350.1
OG0001504	STRK1_63940.1	SRDH2_65020.1, SRDH2_65020.2
OG0001505	STRK1_94340.1	SRDH2_96690.1
OG0001506	STRK1_5390.1	SRDH2_13620.1, SRDH2_13620.2, SRDH2_13620.3, SRDH2_13620.4
OG0001507	STRK1_46570.1, STRK1_46570.3, STRK1_46570.2	SRDH2_53840.3, SRDH2_53840.1, SRDH2_53840.2, SRDH2_53840.5, SRDH2_53840.6, SRDH2_53840.7, SRDH2_53840.8, SRDH2_53840.4
OG0001508	STRK1_28600.1	SRDH2_39000.1
OG0001509	STRK1_75970.1	SRDH2_77880.1
OG0001509	STRK1_74480.1	SRDH2_76490.2, SRDH2_76490.3, SRDH2_76490.1
OG0001510	STRK1_41680.1	SRDH2_42070.1
OG0001511	STRK1_31920.1	SRDH2_36750.1
OG0001512	STRK1_69410.1	SRDH2_74100.2, SRDH2_74100.1, SRDH2_74100.4, SRDH2_74100.5, SRDH2_74100.3
OG0001513	STRK1_5200.1	SRDH2_13440.1, SRDH2_13440.7, SRDH2_13440.10, SRDH2_13440.4, SRDH2_13440.3, SRDH2_13440.9, SRDH2_13440.5, SRDH2_13440.6, SRDH2_13440.11, SRDH2_13440.12, SRDH2_13440.8, SRDH2_13440.2
OG0001514	STRK1_1130.1, STRK1_1130.2	SRDH2_1750.1, SRDH2_1750.2, SRDH2_1750.3, SRDH2_1750.4, SRDH2_1750.5, SRDH2_1750.6
OG0001515	STRK1_1730.1	SRDH2_2370.1
OG0001515	STRK1_8770.1	SRDH2_9480.1
OG0001516	STRK1_18060.1	SRDH2_20290.1
OG0001516	STRK1_18040.1	SRDH2_20270.1
OG0001517	STRK1_25210.1, STRK1_25230.1, STRK1_25230.2	SRDH2_27930.1, SRDH2_27930.2, SRDH2_27930.3
OG0001518	STRK1_75800.1	SRDH2_77700.1
OG0001519	STRK1_73460.1	SRDH2_77520.1, SRDH2_77520.2
OG0001520	STRK1_12380.1, STRK1_12380.3, STRK1_12380.2, STRK1_12380.4	SRDH2_8840.3, SRDH2_8840.1, SRDH2_8840.2, SRDH2_8840.4, SRDH2_8840.5
OG0001521	STRK1_48330.1	SRDH2_55940.10, SRDH2_55940.3, SRDH2_55940.7, SRDH2_55940.1, SRDH2_55940.11, SRDH2_55940.13, SRDH2_55940.14, SRDH2_55940.2, SRDH2_55940.4, SRDH2_55940.5, SRDH2_55940.6, SRDH2_55940.8, SRDH2_55940.9, SRDH2_55940.12
OG0001522	STRK1_9290.1	SRDH2_10220.1
OG0001523	STRK1_50640.1, STRK1_50640.2	SRDH2_49350.1
OG0001524	STRK1_79570.1	SRDH2_84120.5, SRDH2_84120.4, SRDH2_84120.3, SRDH2_84120.1, SRDH2_84120.6, SRDH2_84120.2
OG0001525	STRK1_34990.1, STRK1_34990.2	SRDH2_35720.2, SRDH2_35720.1, SRDH2_35720.6, SRDH2_35720.4, SRDH2_35720.3, SRDH2_35720.5
OG0001526	STRK1_47150.1, STRK1_47150.2	SRDH2_53220.1, SRDH2_53220.3, SRDH2_53220.2
OG0001527	STRK1_85710.1, STRK1_85700.1, STRK1_85720.1	SRDH2_93440.1, SRDH2_93440.4, SRDH2_93440.2, SRDH2_93440.3
OG0001528	STRK1_41000.1, STRK1_41000.2	SRDH2_43220.1
OG0001529	STRK1_93510.1, STRK1_93510.2	SRDH2_60560.1, SRDH2_60560.2, SRDH2_60560.3, SRDH2_60560.4, SRDH2_60560.6, SRDH2_60560.5
OG0001530	STRK1_44640.1, STRK1_44650.1, STRK1_44630.1	SRDH2_47410.1, SRDH2_47410.2
OG0001531	STRK1_98650.1, STRK1_98650.2	SRDH2_17120.4, SRDH2_17120.1, SRDH2_17120.2, SRDH2_17120.3, SRDH2_17120.5
OG0001532	STRK1_17150.1	SRDH2_3040.1, SRDH2_3040.2, SRDH2_3040.3, SRDH2_3040.5, SRDH2_3040.4, SRDH2_3040.6, SRDH2_3040.7, SRDH2_2750.1
OG0001533	STRK1_56370.1, STRK1_56370.2	SRDH2_60360.1, SRDH2_60360.3, SRDH2_60360.8, SRDH2_60360.2, SRDH2_60360.4, SRDH2_60360.5, SRDH2_60360.6, SRDH2_60360.7
OG0001534	STRK1_75680.1, STRK1_75680.2	SRDH2_76170.4, SRDH2_76170.3, SRDH2_76170.1, SRDH2_76170.2
OG0001536	STRK1_18970.1, STRK1_18990.1	SRDH2_21180.1, SRDH2_21180.2, SRDH2_21180.3
OG0001537	STRK1_820.1	SRDH2_1480.1
OG0001538	STRK1_88150.1, STRK1_88150.2, STRK1_88150.3	SRDH2_90820.1
OG0001539	STRK1_1000.1, STRK1_1000.2, STRK1_1000.3	SRDH2_1640.1
OG0001540	STRK1_41410.1, STRK1_41410.2	SRDH2_39200.1
OG0001541	STRK1_96640.1	SRDH2_86610.15, SRDH2_86610.11, SRDH2_86610.12, SRDH2_86610.9, SRDH2_86610.3, SRDH2_86610.4, SRDH2_86610.6, SRDH2_86610.7, SRDH2_86610.8, SRDH2_86610.5, SRDH2_86610.1, SRDH2_86610.14, SRDH2_86610.2, SRDH2_86610.10, SRDH2_86610.13
OG0001542	STRK1_51050.1	SRDH2_49000.1
OG0001544	STRK1_7990.1	SRDH2_14610.1
OG0001545	STRK1_45020.4, STRK1_45020.2, STRK1_45020.3, STRK1_45020.1	SRDH2_47740.1
OG0001547	STRK1_42450.1, STRK1_42450.2	SRDH2_45310.2, SRDH2_45310.3, SRDH2_45310.1, SRDH2_45310.4, SRDH2_45310.6, SRDH2_45310.5, SRDH2_45310.7, SRDH2_45310.8
OG0001548	STRK1_85840.1	SRDH2_93310.2, SRDH2_93310.3, SRDH2_93310.1, SRDH2_93310.4
OG0001549	STRK1_43230.1, STRK1_80530.1, STRK1_107940.1	SRDH2_45750.5, SRDH2_45750.6, SRDH2_45750.3, SRDH2_45750.1, SRDH2_45750.2, SRDH2_45750.4
OG0001550	STRK1_88490.1, STRK1_88490.2, STRK1_88490.3, STRK1_88490.6, STRK1_88490.4, STRK1_88490.5	SRDH2_91830.1, SRDH2_91830.2, SRDH2_91840.1
OG0001554	STRK1_29300.1	SRDH2_31080.1
OG0001555	STRK1_75770.1	SRDH2_77680.1, SRDH2_77660.1
OG0001556	STRK1_31530.3, STRK1_31530.4, STRK1_31530.1, STRK1_31530.2	SRDH2_36320.2, SRDH2_36320.1, SRDH2_36320.4, SRDH2_36320.3
OG0001557	STRK1_39230.1, STRK1_39230.2	SRDH2_41350.1
OG0001558	STRK1_77800.1	SRDH2_82680.1, SRDH2_82680.4, SRDH2_82680.3, SRDH2_82680.5, SRDH2_82680.6, SRDH2_82680.2
OG0001559	STRK1_52150.1	SRDH2_51810.1, SRDH2_51800.1
OG0001560	STRK1_64310.1	SRDH2_64740.1, SRDH2_64740.3, SRDH2_64740.2, SRDH2_64740.4
OG0001561	STRK1_43690.1	SRDH2_46870.5, SRDH2_46870.1, SRDH2_46870.2, SRDH2_46880.1, SRDH2_46870.4
OG0001562	STRK1_74430.1	SRDH2_76560.3, SRDH2_76560.2, SRDH2_76560.1, SRDH2_76560.4, SRDH2_76560.5
OG0001563	STRK1_40200.1, STRK1_40180.1, STRK1_95010.1, STRK1_95020.1	SRDH2_43980.1, SRDH2_43980.4, SRDH2_43980.3, SRDH2_43980.2
OG0001564	STRK1_50300.1, STRK1_50250.1	SRDH2_49700.1, SRDH2_49690.1
OG0001565	STRK1_62010.1	SRDH2_67260.1
OG0001566	STRK1_64410.1	SRDH2_64590.1, SRDH2_64590.2
OG0001567	STRK1_74690.1, STRK1_74690.2	SRDH2_79490.1, SRDH2_79490.2, SRDH2_79490.3, SRDH2_79490.4, SRDH2_79490.5, SRDH2_79490.6, SRDH2_79490.8, SRDH2_79490.9, SRDH2_79490.7
OG0001568	STRK1_78010.1, STRK1_78010.2	SRDH2_82350.1
OG0001569	STRK1_20650.1, STRK1_20650.2	SRDH2_22430.1
OG0001570	STRK1_68760.1	SRDH2_74840.1
OG0001571	STRK1_190.1	SRDH2_710.1
OG0001571	STRK1_5920.1	SRDH2_6510.1
OG0001572	STRK1_64400.1, STRK1_64400.2	SRDH2_64610.1
OG0001573	STRK1_26250.1	SRDH2_26930.4, SRDH2_26930.1, SRDH2_26930.3, SRDH2_26930.2
OG0001574	STRK1_36460.1, STRK1_36460.2	SRDH2_32880.1
OG0001575	STRK1_11000.1	SRDH2_11880.2, SRDH2_11880.3, SRDH2_11880.4
OG0001576	STRK1_106850.1, STRK1_108170.1, STRK1_87670.1, STRK1_87670.2	SRDH2_91290.1, SRDH2_91290.2
OG0001577	STRK1_100980.1	SRDH2_29390.3, SRDH2_29390.5, SRDH2_29390.1, SRDH2_29390.2, SRDH2_29390.4
OG0001578	STRK1_54270.1	SRDH2_57890.7, SRDH2_57890.2, SRDH2_57890.8, SRDH2_57890.6, SRDH2_57890.4, SRDH2_57890.3, SRDH2_57890.5, SRDH2_57890.1
OG0001579	STRK1_14200.1	SRDH2_17420.1, SRDH2_17420.2, SRDH2_17420.3, SRDH2_17420.4
OG0001580	STRK1_41520.1	SRDH2_42330.3, SRDH2_42330.2, SRDH2_42330.1
OG0001581	STRK1_76260.1	SRDH2_80560.1
OG0001582	STRK1_53870.1	SRDH2_57180.1
OG0001583	STRK1_41710.1	SRDH2_42210.4, SRDH2_42210.6, SRDH2_42210.2, SRDH2_42210.3, SRDH2_42210.1, SRDH2_42210.5
OG0001584	STRK1_35700.1	SRDH2_32340.1
OG0001585	STRK1_35170.1	SRDH2_40350.1, SRDH2_40350.10, SRDH2_40350.11, SRDH2_40350.12, SRDH2_40350.13, SRDH2_40350.14, SRDH2_40350.2, SRDH2_40350.3, SRDH2_40350.4, SRDH2_40350.5, SRDH2_40350.6, SRDH2_40350.7, SRDH2_40350.8, SRDH2_40350.9
OG0001586	STRK1_4160.1, STRK1_4160.2	SRDH2_18350.1, SRDH2_18350.3, SRDH2_18350.2
OG0001587	STRK1_3980.1	SRDH2_19290.5, SRDH2_19290.4, SRDH2_19290.2, SRDH2_19290.3, SRDH2_19290.9, SRDH2_19290.7, SRDH2_19290.8, SRDH2_19290.1, SRDH2_19290.6
OG0001588	STRK1_59270.1	SRDH2_64330.1
OG0001589	STRK1_35310.1	SRDH2_35970.1, SRDH2_35970.2
OG0001590	STRK1_67540.1	SRDH2_72090.2, SRDH2_72090.1
OG0001591	STRK1_108660.1, STRK1_90670.1	SRDH2_99830.4, SRDH2_99830.5, SRDH2_99830.1, SRDH2_99830.2, SRDH2_99830.3
OG0001592	STRK1_2120.1, STRK1_2120.2, STRK1_2120.3, STRK1_2150.1	SRDH2_19130.1
OG0001593	STRK1_60600.1, STRK1_60600.2	SRDH2_62940.2, SRDH2_62940.8, SRDH2_62940.9, SRDH2_62940.1, SRDH2_62940.3, SRDH2_62940.7, SRDH2_62940.6, SRDH2_62940.4, SRDH2_62940.5
OG0001594	STRK1_31130.1	SRDH2_33950.1, SRDH2_33950.3, SRDH2_33950.2, SRDH2_33950.4, SRDH2_33950.5
OG0001595	STRK1_63310.1	SRDH2_66110.1
OG0001596	STRK1_77970.1, STRK1_77970.2	SRDH2_82160.1
OG0001597	STRK1_71580.1, STRK1_71580.2	SRDH2_75160.3, SRDH2_75160.2, SRDH2_75160.1, SRDH2_75160.4, SRDH2_75160.5
OG0001598	STRK1_43360.1	SRDH2_46450.1, SRDH2_46450.3, SRDH2_46450.4, SRDH2_46450.5, SRDH2_46450.6, SRDH2_46450.2
OG0001599	STRK1_67920.1	SRDH2_72370.1
OG0001600	STRK1_29910.1, STRK1_29910.2	SRDH2_30510.3, SRDH2_30510.4, SRDH2_30510.1, SRDH2_30510.2
OG0001601	STRK1_62790.1	SRDH2_69900.1, SRDH2_69900.3, SRDH2_69900.2
OG0001602	STRK1_11740.1, STRK1_11740.2	SRDH2_12590.1, SRDH2_12590.2
OG0001603	STRK1_46980.1	SRDH2_53410.2, SRDH2_53410.3, SRDH2_53410.1, SRDH2_53410.4, SRDH2_53410.5, SRDH2_53410.6, SRDH2_53410.7
OG0001604	STRK1_24290.1, STRK1_24280.1, STRK1_104820.1	SRDH2_25070.1, SRDH2_25070.2, SRDH2_25070.5, SRDH2_25070.3, SRDH2_25070.4, SRDH2_25070.6
OG0001605	STRK1_2880.1	SRDH2_16100.3, SRDH2_16100.2, SRDH2_16100.1, SRDH2_16100.4
OG0001606	STRK1_100090.1, STRK1_21330.1, STRK1_21330.2, STRK1_99380.1, STRK1_102480.1	SRDH2_23340.1
OG0001607	STRK1_68060.1	SRDH2_72130.1, SRDH2_72130.2, SRDH2_72130.3
OG0001608	STRK1_51970.1	SRDH2_52570.1, SRDH2_52560.1
OG0001609	STRK1_106150.1, STRK1_106150.2, STRK1_69460.1, STRK1_69470.1	SRDH2_74050.1
OG0001610	STRK1_93100.2	SRDH2_98790.1
OG0001610	STRK1_28140.1	SRDH2_38010.1
OG0001611	STRK1_61480.1	SRDH2_61990.1, SRDH2_61990.2
OG0001612	STRK1_910.1	SRDH2_1550.1
OG0001613	STRK1_75410.1, STRK1_75410.2	SRDH2_75900.1, SRDH2_75900.2, SRDH2_75900.3, SRDH2_75900.4, SRDH2_75900.5, SRDH2_75900.6
OG0001614	STRK1_38380.1, STRK1_38380.2, STRK1_104090.1	SRDH2_40210.1
OG0001615	STRK1_38390.1	SRDH2_40230.3, SRDH2_40230.4, SRDH2_40230.5, SRDH2_40230.2, SRDH2_40230.1
OG0001616	STRK1_9810.1, STRK1_9810.2, STRK1_10310.3, STRK1_10310.1, STRK1_10310.2	SRDH2_10850.1, SRDH2_10810.1
OG0001617	STRK1_47960.1, STRK1_47960.2	SRDH2_55240.1, SRDH2_55240.2, SRDH2_55240.3
OG0001618	STRK1_41270.1	SRDH2_39280.1
OG0001619	STRK1_45970.1	SRDH2_55110.2, SRDH2_55110.1
OG0001620	STRK1_35020.1, STRK1_35020.2	SRDH2_35750.1, SRDH2_35750.2
OG0001621	STRK1_250.1	SRDH2_770.1
OG0001622	STRK1_53040.1, STRK1_107340.1, STRK1_53060.1, STRK1_81900.1, STRK1_81930.1, STRK1_81950.1, STRK1_81950.2, STRK1_81950.3	SRDH2_87470.1
OG0001623	STRK1_7290.1	SRDH2_7660.1, SRDH2_7660.2
OG0001624	STRK1_39210.1	SRDH2_41320.3, SRDH2_41320.5, SRDH2_41320.8, SRDH2_41320.1, SRDH2_41320.4, SRDH2_41320.2, SRDH2_41320.7, SRDH2_41320.6
OG0001625	STRK1_88870.1	SRDH2_64280.1
OG0001626	STRK1_31440.1	SRDH2_36240.5, SRDH2_36240.9, SRDH2_36240.1, SRDH2_36240.2, SRDH2_36240.3, SRDH2_36240.4
OG0001627	STRK1_70580.1, STRK1_70580.2	SRDH2_72890.3, SRDH2_72890.4, SRDH2_72890.5, SRDH2_72890.1, SRDH2_72890.2, SRDH2_72890.6
OG0001628	STRK1_14770.1, STRK1_14770.2	SRDH2_16760.1
OG0001629	STRK1_1590.1	SRDH2_2040.1
OG0001631	STRK1_86880.1	SRDH2_92760.1
OG0001632	STRK1_65030.1	SRDH2_68950.1, SRDH2_68950.5, SRDH2_68950.6, SRDH2_68950.2, SRDH2_68950.3, SRDH2_68950.4
OG0001633	STRK1_101650.1, STRK1_97200.1, STRK1_107820.1, STRK1_90810.1	SRDH2_98100.4, SRDH2_98100.1, SRDH2_98100.3, SRDH2_98100.2
OG0001634	STRK1_85060.1	SRDH2_90030.1, SRDH2_90030.2, SRDH2_90030.3, SRDH2_90030.4
OG0001635	STRK1_6760.3, STRK1_6760.2, STRK1_6760.1	SRDH2_5100.1, SRDH2_5100.5, SRDH2_5100.4, SRDH2_5100.3, SRDH2_5100.2
OG0001636	STRK1_74280.1, STRK1_74270.1	SRDH2_76660.1
OG0001637	STRK1_55760.1	SRDH2_59790.5, SRDH2_59790.3, SRDH2_59790.2, SRDH2_59790.1, SRDH2_59790.4
OG0001638	STRK1_102600.1, STRK1_102600.2	SRDH2_6800.1
OG0001639	STRK1_14490.1	SRDH2_17090.1
OG0001640	STRK1_18840.1, STRK1_108140.1, STRK1_18850.1	SRDH2_20950.1, SRDH2_20950.2
OG0001641	STRK1_85320.1	SRDH2_91710.1
OG0001642	STRK1_43650.1, STRK1_43650.2	SRDH2_46040.1, SRDH2_46040.2
OG0001643	STRK1_57690.1, STRK1_95450.1	SRDH2_61290.1
OG0001644	STRK1_50170.1, STRK1_50170.2, STRK1_50170.3	SRDH2_49860.1
OG0001645	STRK1_93300.1	SRDH2_98580.1
OG0001646	STRK1_53570.1, STRK1_53570.2	SRDH2_56450.3, SRDH2_56450.4, SRDH2_56450.2, SRDH2_56450.1
OG0001647	STRK1_98150.1, STRK1_41820.1	SRDH2_42100.1
OG0001648	STRK1_77890.1	SRDH2_82110.1
OG0001649	STRK1_11310.1, STRK1_11310.2	SRDH2_13150.1, SRDH2_13160.1, SRDH2_13120.1
OG0001650	STRK1_71760.1, STRK1_71760.2, STRK1_71760.3, STRK1_71760.4, STRK1_71760.5	SRDH2_72580.1, SRDH2_72580.2, SRDH2_72580.3, SRDH2_72580.4
OG0001651	STRK1_1530.1	SRDH2_2130.1, SRDH2_2130.2, SRDH2_2130.3, SRDH2_2130.4, SRDH2_2130.5
OG0001652	STRK1_69400.1, STRK1_69400.2, STRK1_69400.5, STRK1_69400.6, STRK1_69400.7, STRK1_69400.3, STRK1_69400.4	SRDH2_74170.1, SRDH2_74170.2
OG0001653	STRK1_10030.1, STRK1_10030.4, STRK1_10030.2, STRK1_10030.3	SRDH2_11060.1
OG0001654	STRK1_88320.1	SRDH2_92030.1
OG0001654	STRK1_88250.1, STRK1_88260.1	SRDH2_92020.1
OG0001655	STRK1_66140.1	SRDH2_68390.1, SRDH2_68390.2
OG0001656	STRK1_84730.1	SRDH2_90710.1
OG0001657	STRK1_34770.1	SRDH2_35430.1, SRDH2_35430.2, SRDH2_35430.3, SRDH2_35430.4, SRDH2_35430.5
OG0001659	STRK1_35880.1	SRDH2_32520.1, SRDH2_32520.2, SRDH2_32520.3
OG0001661	STRK1_100780.1, STRK1_52790.1	SRDH2_52450.4, SRDH2_52450.2, SRDH2_52450.3, SRDH2_52450.5, SRDH2_52450.1
OG0001662	STRK1_3110.1, STRK1_3110.2	SRDH2_5560.3, SRDH2_5560.6, SRDH2_5560.7, SRDH2_5560.4, SRDH2_5560.10, SRDH2_5560.8, SRDH2_5560.1, SRDH2_5560.9, SRDH2_5560.2, SRDH2_5560.5
OG0001668	STRK1_27040.1	SRDH2_28770.1, SRDH2_28770.3, SRDH2_28770.2, SRDH2_28770.4, SRDH2_28770.5
OG0001670	STRK1_28310.1	SRDH2_34360.1
OG0001671	STRK1_29740.1, STRK1_29740.2	SRDH2_30670.1
OG0001672	STRK1_36500.1, STRK1_36500.2	SRDH2_29820.1
OG0001673	STRK1_60910.1	SRDH2_62790.1
OG0001675	STRK1_64620.1	SRDH2_69340.1, SRDH2_69340.6, SRDH2_69340.2, SRDH2_69340.3, SRDH2_69340.4, SRDH2_69340.5, SRDH2_69340.7
OG0001676	STRK1_10170.1	SRDH2_11250.4, SRDH2_11250.3, SRDH2_11250.1, SRDH2_11250.2, SRDH2_11250.5
OG0001677	STRK1_85500.1	SRDH2_91530.1
OG0001678	STRK1_55950.1, STRK1_55950.2	SRDH2_59200.3, SRDH2_59200.1, SRDH2_59200.2
OG0001679	STRK1_18010.1	SRDH2_20250.1, SRDH2_20250.2
OG0001680	STRK1_27080.1, STRK1_27080.2	SRDH2_28820.1
OG0001681	STRK1_3720.3, STRK1_3720.1, STRK1_3720.2	SRDH2_19430.11, SRDH2_19430.4, SRDH2_19430.6, SRDH2_19430.10, SRDH2_19430.2, SRDH2_19430.3, SRDH2_19430.5, SRDH2_19430.7, SRDH2_19430.1, SRDH2_19430.8, SRDH2_19430.9, SRDH2_19430.12
OG0001682	STRK1_14060.1	SRDH2_17540.4, SRDH2_17540.2, SRDH2_17540.1, SRDH2_17540.3, SRDH2_17540.5, SRDH2_17540.6, SRDH2_17540.7
OG0001683	STRK1_22770.1, STRK1_22780.1, STRK1_80400.1, STRK1_106070.1, STRK1_22750.1, STRK1_106080.1	SRDH2_25770.1
OG0001684	STRK1_36590.1, STRK1_36600.1	SRDH2_29760.1, SRDH2_29760.2, SRDH2_29760.3, SRDH2_29760.4
OG0001685	STRK1_4390.1	SRDH2_15900.1
OG0001685	STRK1_4410.1	SRDH2_15880.1
OG0001686	STRK1_80170.1, STRK1_90850.1	SRDH2_84600.1, SRDH2_84600.3, SRDH2_84600.2
OG0001687	STRK1_53610.1, STRK1_53510.1, STRK1_53550.1, STRK1_53560.1	SRDH2_56430.1, SRDH2_56440.1
OG0001688	STRK1_20700.1	SRDH2_22490.1, SRDH2_22480.1
OG0001689	STRK1_97950.1, STRK1_20290.1, STRK1_89600.1	SRDH2_22960.1
OG0001689	STRK1_19880.1	SRDH2_22900.3, SRDH2_22900.1, SRDH2_22900.2
OG0001690	STRK1_35130.1	SRDH2_35850.2, SRDH2_35850.3, SRDH2_35850.1
OG0001691	STRK1_8440.1	SRDH2_15080.1
OG0001692	STRK1_76090.1, STRK1_76090.2, STRK1_76090.3, STRK1_76090.4, STRK1_76090.5	SRDH2_77990.2, SRDH2_77990.3, SRDH2_77990.1
OG0001693	STRK1_107890.1	SRDH2_84730.1, SRDH2_84730.2, SRDH2_84730.3, SRDH2_84730.4
OG0001694	STRK1_80330.1, STRK1_80330.2	SRDH2_84760.2, SRDH2_84760.1
OG0001695	STRK1_31910.1	SRDH2_36730.2, SRDH2_36730.8, SRDH2_36730.3, SRDH2_36730.4, SRDH2_36730.5, SRDH2_36730.13, SRDH2_36730.1, SRDH2_36730.11, SRDH2_36730.12, SRDH2_36730.10, SRDH2_36730.6, SRDH2_36730.9, SRDH2_36730.7
OG0001696	STRK1_40910.1	SRDH2_43320.1, SRDH2_43320.2
OG0001697	STRK1_90200.1	SRDH2_97650.4, SRDH2_97650.3, SRDH2_97650.2, SRDH2_97650.1
OG0001698	STRK1_72410.1	SRDH2_80160.1
OG0001699	STRK1_60870.1, STRK1_60870.2	SRDH2_63260.1, SRDH2_63260.4, SRDH2_63260.2, SRDH2_63260.3
OG0001700	STRK1_4510.1	SRDH2_15780.1, SRDH2_15780.5, SRDH2_15780.2, SRDH2_15780.6, SRDH2_15780.3, SRDH2_15780.8, SRDH2_15780.4, SRDH2_15780.7
OG0001701	STRK1_105400.1	SRDH2_86780.1, SRDH2_86790.1
OG0001701	STRK1_81410.6, STRK1_81410.7, STRK1_81400.2, STRK1_81410.2, STRK1_81410.3, STRK1_81410.5, STRK1_81410.1, STRK1_81420.1, STRK1_81420.2, STRK1_81410.4	SRDH2_86770.1
OG0001702	STRK1_42350.1	SRDH2_45220.1
OG0001703	STRK1_36200.1, STRK1_36210.1	SRDH2_33160.1, SRDH2_33160.2
OG0001704	STRK1_2740.1, STRK1_2740.2	SRDH2_15960.5, SRDH2_15960.4, SRDH2_15960.2, SRDH2_15960.1, SRDH2_15960.3
OG0001705	STRK1_25780.1	SRDH2_25140.1
OG0001706	STRK1_31780.1	SRDH2_36580.1
OG0001707	STRK1_62220.1	SRDH2_67450.4, SRDH2_67450.1, SRDH2_67450.2, SRDH2_67450.3
OG0001708	STRK1_102710.1, STRK1_91130.1, STRK1_97450.1	SRDH2_97810.1
OG0001709	STRK1_30310.1	SRDH2_30010.1, SRDH2_30010.2, SRDH2_30010.3
OG0001710	STRK1_83750.1	SRDH2_88540.1
OG0001711	STRK1_91840.1	SRDH2_96770.1
OG0001712	STRK1_39710.1	SRDH2_41890.1, SRDH2_41890.10, SRDH2_41890.4, SRDH2_41890.8, SRDH2_41890.9, SRDH2_41890.7, SRDH2_41890.2, SRDH2_41890.3, SRDH2_41890.6, SRDH2_41890.5
OG0001713	STRK1_55610.1	SRDH2_59900.1, SRDH2_59900.10, SRDH2_59900.12, SRDH2_59900.13, SRDH2_59900.14, SRDH2_59900.15, SRDH2_59900.4, SRDH2_59900.5, SRDH2_59900.8, SRDH2_59900.11, SRDH2_59900.2, SRDH2_59900.3, SRDH2_59900.6, SRDH2_59900.7, SRDH2_59900.9
OG0001714	STRK1_55600.1, STRK1_55600.2, STRK1_55600.3, STRK1_101760.1, STRK1_55590.1, STRK1_110810.1, STRK1_98120.1, STRK1_110800.1, STRK1_55620.1, STRK1_98950.1	SRDH2_59910.1
OG0001715	STRK1_22240.1	SRDH2_24130.1
OG0001716	STRK1_110710.1, STRK1_68220.1	SRDH2_71660.1
OG0001717	STRK1_37040.1	SRDH2_29210.1
OG0001718	STRK1_4610.1	SRDH2_15680.1, SRDH2_15680.2
OG0001719	STRK1_40370.1, STRK1_40370.2	SRDH2_43840.1, SRDH2_43840.3, SRDH2_43840.5, SRDH2_43840.2, SRDH2_43840.4, SRDH2_43840.6
OG0001720	STRK1_11010.1	SRDH2_11860.3, SRDH2_11860.2, SRDH2_11860.4, SRDH2_11860.1
OG0001721	STRK1_53200.1	SRDH2_58150.1
OG0001721	STRK1_97580.1	SRDH2_58170.1
OG0001722	STRK1_10450.1, STRK1_10450.2, STRK1_10440.1, STRK1_10430.1	SRDH2_11490.1
OG0001723	STRK1_10230.1, STRK1_10230.2	SRDH2_11320.1
OG0001724	STRK1_70340.1	SRDH2_73060.4, SRDH2_73060.3, SRDH2_73060.5, SRDH2_73060.2, SRDH2_73060.7, SRDH2_73060.1, SRDH2_73060.6
OG0001725	STRK1_68850.1	SRDH2_74760.1
OG0001726	STRK1_30590.1	SRDH2_33370.1
OG0001726	STRK1_80000.1	SRDH2_83740.1
OG0001727	STRK1_85340.1	SRDH2_91680.1
OG0001728	STRK1_58570.1, STRK1_58570.2, STRK1_58570.3	SRDH2_68010.1, SRDH2_68010.2, SRDH2_68010.3, SRDH2_95530.1
OG0001729	STRK1_10050.1	SRDH2_11040.3, SRDH2_11040.1, SRDH2_11040.4, SRDH2_11040.5, SRDH2_11040.2
OG0001730	STRK1_2680.2, STRK1_2680.5, STRK1_2680.1, STRK1_2680.4, STRK1_2680.3	SRDH2_18580.1, SRDH2_18580.3, SRDH2_18580.4, SRDH2_18580.2
OG0001731	STRK1_29200.1	SRDH2_31170.1, SRDH2_31170.2, SRDH2_31170.4, SRDH2_31170.5, SRDH2_31170.3, SRDH2_31170.6, SRDH2_31170.7
OG0001732	STRK1_50910.1	SRDH2_49120.1, SRDH2_49120.3, SRDH2_49120.4, SRDH2_49120.5, SRDH2_49120.2
OG0001733	STRK1_57830.1, STRK1_104790.1	SRDH2_61440.5, SRDH2_61440.3, SRDH2_61440.1, SRDH2_61440.4, SRDH2_61440.2
OG0001734	STRK1_89730.2, STRK1_89730.1, STRK1_89730.3, STRK1_89730.4, STRK1_102590.1	SRDH2_95490.1, SRDH2_95470.1
OG0001735	STRK1_26430.1	SRDH2_26750.1, SRDH2_26750.2
OG0001736	STRK1_14100.1	SRDH2_17500.1, SRDH2_17500.3, SRDH2_17500.2, SRDH2_17500.4, SRDH2_17500.5
OG0001737	STRK1_98320.1, STRK1_89130.1, STRK1_102570.1, STRK1_89140.1	SRDH2_94780.9, SRDH2_94780.3, SRDH2_94780.2, SRDH2_94780.1, SRDH2_94780.6, SRDH2_94780.7, SRDH2_94780.8, SRDH2_94780.5, SRDH2_94780.4
OG0001738	STRK1_39740.1	SRDH2_41920.1
OG0001739	STRK1_39280.1	SRDH2_41420.3, SRDH2_41420.5, SRDH2_41420.6, SRDH2_41420.1, SRDH2_41420.2, SRDH2_41420.4
OG0001740	STRK1_48640.1	SRDH2_55890.2, SRDH2_55890.1
OG0001741	STRK1_15700.3, STRK1_15700.1, STRK1_15700.5, STRK1_15700.6, STRK1_15700.4, STRK1_15700.2	SRDH2_4620.1
OG0001742	STRK1_47970.1	SRDH2_55260.2, SRDH2_55260.1
OG0001743	STRK1_85850.1	SRDH2_92180.4, SRDH2_92180.1, SRDH2_92180.2, SRDH2_92180.3
OG0001744	STRK1_66340.1	SRDH2_69980.1, SRDH2_69980.2, SRDH2_69980.4, SRDH2_69980.3, SRDH2_69980.6, SRDH2_69980.5
OG0001745	STRK1_97790.1, STRK1_27430.1, STRK1_27430.2	SRDH2_29150.6, SRDH2_29150.7, SRDH2_29150.3, SRDH2_29150.8, SRDH2_29150.1, SRDH2_29150.5, SRDH2_29150.2, SRDH2_29150.4
OG0001746	STRK1_80370.1, STRK1_80370.2	SRDH2_84810.1, SRDH2_84800.1
OG0001747	STRK1_3580.1	SRDH2_6090.5, SRDH2_6090.10, SRDH2_6090.9, SRDH2_6090.11, SRDH2_6090.8, SRDH2_6090.7, SRDH2_6090.6, SRDH2_6090.4, SRDH2_6090.3, SRDH2_6090.1, SRDH2_6090.2
OG0001748	STRK1_56440.1	SRDH2_60250.1
OG0001749	STRK1_26340.1	SRDH2_26860.9, SRDH2_26860.10, SRDH2_26860.5, SRDH2_26860.1, SRDH2_26860.2, SRDH2_26860.3, SRDH2_26860.4, SRDH2_26860.8, SRDH2_26860.6, SRDH2_26860.7
OG0001750	STRK1_16080.1, STRK1_16080.2, STRK1_16070.2, STRK1_16070.1, STRK1_16070.3	SRDH2_4230.2, SRDH2_4230.1, SRDH2_4230.3, SRDH2_4230.4
OG0001751	STRK1_26220.1	SRDH2_26960.1, SRDH2_26960.5, SRDH2_26960.4, SRDH2_26960.6, SRDH2_26960.7, SRDH2_26960.2, SRDH2_26960.3
OG0001752	STRK1_9630.1, STRK1_9630.2	SRDH2_10620.1
OG0001753	STRK1_10680.4, STRK1_10680.2, STRK1_10680.3, STRK1_10680.1	SRDH2_11740.1
OG0001754	STRK1_57620.1	SRDH2_61210.1
OG0001755	STRK1_16170.1, STRK1_16170.2, STRK1_16170.3, STRK1_16170.4	SRDH2_4150.1
OG0001756	STRK1_49060.1, STRK1_49060.2	SRDH2_50940.1, SRDH2_50940.2
OG0001757	STRK1_50420.2, STRK1_50420.1, STRK1_50420.3	SRDH2_49490.1, SRDH2_49490.3, SRDH2_49490.10, SRDH2_49490.8, SRDH2_49490.5, SRDH2_49490.4, SRDH2_49490.6, SRDH2_49490.9, SRDH2_49490.7, SRDH2_49490.2
OG0001758	STRK1_82650.1	SRDH2_87560.1, SRDH2_87560.2, SRDH2_87560.3
OG0001759	STRK1_65980.1	SRDH2_68280.1
OG0001760	STRK1_61210.1	SRDH2_68650.1, SRDH2_68650.3, SRDH2_68650.5, SRDH2_68650.4, SRDH2_68650.2
OG0001761	STRK1_79240.1, STRK1_79260.1, STRK1_79230.1, STRK1_79220.1	SRDH2_74160.1, SRDH2_74140.1, SRDH2_74120.1, SRDH2_100100.1, SRDH2_100120.1
OG0001762	STRK1_90460.1	SRDH2_99650.3, SRDH2_99650.4, SRDH2_99650.1, SRDH2_99650.2
OG0001763	STRK1_32630.1	SRDH2_31410.3, SRDH2_31410.7, SRDH2_31410.1, SRDH2_31410.4, SRDH2_31410.5, SRDH2_31410.6, SRDH2_31410.2
OG0001764	STRK1_14990.1	SRDH2_16550.3, SRDH2_16550.1, SRDH2_16550.2, SRDH2_16550.4
OG0001765	STRK1_65860.1	SRDH2_66820.2, SRDH2_66820.4, SRDH2_66820.5, SRDH2_66820.3, SRDH2_66820.1
OG0001766	STRK1_35430.1, STRK1_35430.2	SRDH2_38450.3, SRDH2_38450.4, SRDH2_38450.5, SRDH2_38450.6, SRDH2_38450.1, SRDH2_38450.2
OG0001767	STRK1_16230.1	SRDH2_4060.5, SRDH2_4060.4, SRDH2_4060.7, SRDH2_4060.1, SRDH2_4060.2, SRDH2_4060.3, SRDH2_4060.6
OG0001768	STRK1_83760.1, STRK1_83760.2, STRK1_110440.1, STRK1_90860.1, STRK1_83770.1	SRDH2_88550.1, SRDH2_88570.1
OG0001769	STRK1_17500.1	SRDH2_2700.1
OG0001770	STRK1_34820.1	SRDH2_35520.1, SRDH2_35520.2
OG0001771	STRK1_47100.1	SRDH2_53280.1
OG0001772	STRK1_86290.1	SRDH2_92500.3, SRDH2_92500.2, SRDH2_92500.1
OG0001773	STRK1_64050.1, STRK1_64050.2	SRDH2_65180.5, SRDH2_65180.4, SRDH2_65180.3, SRDH2_65180.1, SRDH2_65180.2
OG0001774	STRK1_6360.1	SRDH2_6980.1
OG0001775	STRK1_2700.1	SRDH2_18560.2, SRDH2_18560.1, SRDH2_18560.3
OG0001776	STRK1_93390.1	SRDH2_98440.1
OG0001777	STRK1_15300.1	SRDH2_5420.2, SRDH2_5420.1, SRDH2_5420.3
OG0001778	STRK1_86620.1, STRK1_86620.2, STRK1_109070.1	SRDH2_93010.8, SRDH2_93010.2, SRDH2_93010.3, SRDH2_93010.4, SRDH2_93010.6, SRDH2_93010.7, SRDH2_93010.1, SRDH2_93010.5
OG0001779	STRK1_22220.1	SRDH2_24100.1, SRDH2_24100.2
OG0001780	STRK1_26980.1	SRDH2_28720.1
OG0001781	STRK1_93160.1, STRK1_93160.2	SRDH2_98720.1
OG0001782	STRK1_63020.1, STRK1_63020.2, STRK1_63020.4, STRK1_63020.5, STRK1_63020.3	SRDH2_69670.1
OG0001783	STRK1_29320.1, STRK1_29320.2	SRDH2_31060.1
OG0001784	STRK1_37370.5, STRK1_37370.4, STRK1_37370.2, STRK1_37370.1, STRK1_37370.3	SRDH2_42630.4, SRDH2_42630.6, SRDH2_42630.2, SRDH2_42630.3, SRDH2_42630.1, SRDH2_42630.5
OG0001785	STRK1_105890.2, STRK1_105890.1, STRK1_106430.1, STRK1_21420.1, STRK1_21410.1, STRK1_21410.2, STRK1_21410.3, STRK1_21410.4	SRDH2_23440.1, SRDH2_23440.2, SRDH2_23440.3
OG0001786	STRK1_63570.1, STRK1_63570.2	SRDH2_65530.1, SRDH2_65530.3, SRDH2_65530.2
OG0001787	STRK1_102650.1	SRDH2_23420.1, SRDH2_23420.7, SRDH2_23420.2, SRDH2_23420.4, SRDH2_23420.5, SRDH2_23420.8, SRDH2_23420.3, SRDH2_23420.6
OG0001789	STRK1_20850.1, STRK1_20860.1, STRK1_20860.2	SRDH2_22080.1
OG0001790	STRK1_38530.1, STRK1_38530.2	SRDH2_40530.3, SRDH2_40530.1, SRDH2_40530.2, SRDH2_40530.4
OG0001791	STRK1_89370.1, STRK1_89500.1	SRDH2_95110.1
OG0001792	STRK1_73220.1	SRDH2_80380.1
OG0001793	STRK1_87500.1, STRK1_87500.2	SRDH2_93660.4, SRDH2_93660.5, SRDH2_93660.7, SRDH2_93660.1, SRDH2_93660.6, SRDH2_93660.2, SRDH2_93660.3, SRDH2_93660.8, SRDH2_93660.9
OG0001794	STRK1_65870.1, STRK1_65870.2	SRDH2_66830.1, SRDH2_66830.2
OG0001795	STRK1_49000.1, STRK1_48990.1	SRDH2_51070.2, SRDH2_51070.3, SRDH2_51070.7, SRDH2_51070.4, SRDH2_51070.9, SRDH2_51070.1, SRDH2_51070.5, SRDH2_51070.6, SRDH2_51070.8
OG0001796	STRK1_110760.1	SRDH2_47390.1, SRDH2_47370.1
OG0001796	STRK1_110750.1	SRDH2_49200.1
OG0001800	STRK1_53850.1	SRDH2_57210.1
OG0001801	STRK1_5320.1	SRDH2_13570.2, SRDH2_13570.4, SRDH2_13570.1, SRDH2_13570.3
OG0001802	STRK1_31380.2, STRK1_31380.1, STRK1_31380.3, STRK1_31380.4	SRDH2_34200.1, SRDH2_34210.1
OG0001803	STRK1_38700.1	SRDH2_40770.1, SRDH2_40770.2
OG0001804	STRK1_34180.1	SRDH2_34870.1
OG0001805	STRK1_40060.1, STRK1_108740.1	SRDH2_44150.1
OG0001806	STRK1_92380.1, STRK1_92370.1	SRDH2_99560.1
OG0001807	STRK1_5310.1	SRDH2_13560.1, SRDH2_13560.2
OG0001808	STRK1_3840.1	SRDH2_19550.1
OG0001809	STRK1_34400.1	SRDH2_35090.3, SRDH2_35090.1, SRDH2_35090.2
OG0001810	STRK1_90340.1	SRDH2_97440.3, SRDH2_97440.1, SRDH2_97440.2, SRDH2_97440.4
OG0001811	STRK1_66980.1	SRDH2_71080.1
OG0001812	STRK1_74210.1, STRK1_74210.2, STRK1_74210.3, STRK1_74210.4	SRDH2_76730.1
OG0001813	STRK1_10900.1, STRK1_10910.1	SRDH2_11940.3, SRDH2_11940.4, SRDH2_11940.2, SRDH2_11940.1, SRDH2_11940.5
OG0001814	STRK1_108280.1	SRDH2_76430.5, SRDH2_76430.1, SRDH2_76430.2, SRDH2_76430.3, SRDH2_76430.4, SRDH2_76430.6, SRDH2_76430.7, SRDH2_76430.8
OG0001815	STRK1_45430.1	SRDH2_48220.1, SRDH2_48220.3, SRDH2_48220.2
OG0001816	STRK1_45240.1, STRK1_45250.1	SRDH2_48000.2, SRDH2_48000.3, SRDH2_48000.4, SRDH2_48000.5, SRDH2_48000.7, SRDH2_48000.1, SRDH2_48000.6
OG0001817	STRK1_28470.1	SRDH2_39130.1
OG0001818	STRK1_49720.1, STRK1_49720.2	SRDH2_50270.1
OG0001819	STRK1_18000.1, STRK1_18000.2, STRK1_18000.3	SRDH2_20240.1, SRDH2_20240.2, SRDH2_20240.3, SRDH2_20240.4
OG0001820	STRK1_55380.1	SRDH2_62400.1, SRDH2_62400.2, SRDH2_62400.3
OG0001821	STRK1_56560.1	SRDH2_58790.1
OG0001822	STRK1_92000.1, STRK1_77350.1	SRDH2_97040.1
OG0001823	STRK1_19350.1	SRDH2_21510.1
OG0001824	STRK1_4420.1	SRDH2_15870.3, SRDH2_15870.1, SRDH2_15870.2
OG0001825	STRK1_52600.1	SRDH2_52260.3, SRDH2_52260.2, SRDH2_52260.6, SRDH2_52260.1, SRDH2_52260.5, SRDH2_52260.4
OG0001826	STRK1_15420.1	SRDH2_5310.2, SRDH2_5310.5, SRDH2_5310.4, SRDH2_5310.1, SRDH2_5310.3
OG0001827	STRK1_74950.1	SRDH2_79770.1, SRDH2_79770.2, SRDH2_79770.3, SRDH2_79770.4, SRDH2_79780.1
OG0001828	STRK1_47230.2, STRK1_47230.4, STRK1_47230.1, STRK1_47230.3	SRDH2_53180.1, SRDH2_53180.2
OG0001829	STRK1_23790.1	SRDH2_28240.1
OG0001829	STRK1_25930.1, STRK1_25940.1, STRK1_25940.2	SRDH2_27240.1, SRDH2_27240.2, SRDH2_27230.1
OG0001830	STRK1_55870.1, STRK1_103100.1	SRDH2_59020.10, SRDH2_59020.3, SRDH2_59020.4, SRDH2_59020.5, SRDH2_59020.6, SRDH2_59020.7, SRDH2_59020.8, SRDH2_59020.9, SRDH2_59120.1
OG0001831	STRK1_58970.3, STRK1_58970.1, STRK1_58970.2	SRDH2_66390.1
OG0001832	STRK1_78880.1	SRDH2_59660.1, SRDH2_59660.2
OG0001833	STRK1_78870.1, STRK1_78870.2	SRDH2_59620.2, SRDH2_59620.1, SRDH2_59450.1, SRDH2_59570.1, SRDH2_59410.1, SRDH2_59670.1, SRDH2_59670.3, SRDH2_59670.4, SRDH2_59670.2
OG0001834	STRK1_75710.1	SRDH2_76200.2, SRDH2_76200.4, SRDH2_76200.3, SRDH2_76200.1
OG0001835	STRK1_14430.1	SRDH2_17200.2, SRDH2_17200.1, SRDH2_17200.3
OG0001836	STRK1_17280.1	SRDH2_2910.4, SRDH2_2910.7, SRDH2_2910.8, SRDH2_2910.13, SRDH2_2910.12, SRDH2_2910.11, SRDH2_2910.10, SRDH2_2910.9, SRDH2_2910.2, SRDH2_2910.6, SRDH2_2910.1, SRDH2_2910.5, SRDH2_2910.3, SRDH2_2940.1, SRDH2_2920.1
OG0001837	STRK1_79550.1	SRDH2_84090.1
OG0001838	STRK1_26200.1, STRK1_26200.2	SRDH2_26980.4, SRDH2_26980.3, SRDH2_26980.1, SRDH2_26980.2
OG0001839	STRK1_51460.1	SRDH2_54500.3, SRDH2_54500.1, SRDH2_54500.2, SRDH2_54500.4, SRDH2_54500.5
OG0001840	STRK1_32930.1, STRK1_32930.2, STRK1_32930.3	SRDH2_31950.1, SRDH2_31950.2, SRDH2_31950.3, SRDH2_31950.4
OG0001841	STRK1_14750.1, STRK1_14750.2	SRDH2_16790.9, SRDH2_16790.8, SRDH2_16790.6, SRDH2_16790.7, SRDH2_16790.4, SRDH2_16790.2, SRDH2_16790.3, SRDH2_16790.1, SRDH2_16790.5
OG0001842	STRK1_90950.1	SRDH2_97930.2, SRDH2_97930.4, SRDH2_97930.1, SRDH2_97930.3
OG0001843	STRK1_106240.1, STRK1_39750.1	SRDH2_41930.5, SRDH2_41930.1, SRDH2_41930.3, SRDH2_41930.4, SRDH2_41930.6, SRDH2_41930.7, SRDH2_41930.2
OG0001845	STRK1_94510.1	SRDH2_98320.1, SRDH2_98320.2, SRDH2_98320.6, SRDH2_98320.8, SRDH2_98320.3, SRDH2_98320.4, SRDH2_98320.5, SRDH2_98320.7
OG0001846	STRK1_25870.1	SRDH2_27320.1
OG0001847	STRK1_6440.1	SRDH2_4820.1, SRDH2_4820.2, SRDH2_4820.3, SRDH2_4820.4, SRDH2_4800.1
OG0001848	STRK1_3270.1	SRDH2_5700.1, SRDH2_5700.2
OG0001849	STRK1_61800.1	SRDH2_67000.5, SRDH2_67000.7, SRDH2_67000.1, SRDH2_67000.6, SRDH2_67000.4, SRDH2_67000.3, SRDH2_67000.2
OG0001850	STRK1_71550.1	SRDH2_75190.1
OG0001851	STRK1_47220.1	SRDH2_53170.1, SRDH2_53170.2
OG0001852	STRK1_36550.1, STRK1_36550.2	SRDH2_29780.2, SRDH2_29780.4, SRDH2_29780.1, SRDH2_29780.3
OG0001853	STRK1_16650.1, STRK1_16650.2	SRDH2_3740.1, SRDH2_3560.1
OG0001854	STRK1_90730.1	SRDH2_99730.1, SRDH2_99700.1, SRDH2_99710.1, SRDH2_99720.1, SRDH2_99760.1, SRDH2_99770.1, SRDH2_99780.1
OG0001855	STRK1_69380.1, STRK1_69380.2, STRK1_69380.3, STRK1_69380.4	SRDH2_74190.2
OG0001855	STRK1_69380.5	SRDH2_74190.1
OG0001856	STRK1_73400.1	SRDH2_77460.3, SRDH2_77460.4, SRDH2_77460.1, SRDH2_77460.5, SRDH2_77460.2
OG0001857	STRK1_72820.1	SRDH2_78460.1, SRDH2_78460.2
OG0001858	STRK1_42380.1, STRK1_42380.2, STRK1_42380.3	SRDH2_45240.1
OG0001859	STRK1_12430.1, STRK1_108870.1, STRK1_12420.1	SRDH2_8780.1, SRDH2_8780.2, SRDH2_8780.3
OG0001860	STRK1_25660.3, STRK1_25660.1, STRK1_25660.2	SRDH2_27510.3, SRDH2_27510.1, SRDH2_27510.2
OG0001861	STRK1_71910.1	SRDH2_76930.1, SRDH2_76930.6, SRDH2_76930.4, SRDH2_76930.5, SRDH2_76930.2, SRDH2_76930.3, SRDH2_76930.7, SRDH2_76930.8
OG0001862	STRK1_15850.1, STRK1_15850.2	SRDH2_4480.3, SRDH2_4480.2, SRDH2_4480.1, SRDH2_4480.4, SRDH2_4480.5
OG0001863	STRK1_25710.1	SRDH2_28170.1, SRDH2_27470.1
OG0001864	STRK1_72100.1, STRK1_72100.2	SRDH2_77140.1
OG0001865	STRK1_15550.1, STRK1_15550.2, STRK1_15550.3, STRK1_15550.4	SRDH2_7100.2, SRDH2_7100.3, SRDH2_7100.1, SRDH2_7100.4
OG0001866	STRK1_86440.1	SRDH2_93210.1
OG0001867	STRK1_49680.1	SRDH2_50310.1
OG0001868	STRK1_17460.1	SRDH2_102420.3, SRDH2_102420.1, SRDH2_102420.2, SRDH2_2760.1
OG0001869	STRK1_18800.1, STRK1_18750.1	SRDH2_20920.1
OG0001870	STRK1_52460.1	SRDH2_52140.1
OG0001871	STRK1_40960.1, STRK1_97480.1	SRDH2_43270.4, SRDH2_43270.3, SRDH2_43270.6, SRDH2_43270.7, SRDH2_43270.5, SRDH2_43270.1, SRDH2_43270.2
OG0001872	STRK1_80020.1	SRDH2_84490.1
OG0001873	STRK1_34810.1	SRDH2_35480.1, SRDH2_35480.2, SRDH2_35480.3, SRDH2_35480.5, SRDH2_35480.4
OG0001874	STRK1_21780.1, STRK1_21780.2, STRK1_21780.3	SRDH2_23760.1, SRDH2_23720.1
OG0001875	STRK1_88070.1	SRDH2_90900.3, SRDH2_90900.1, SRDH2_90900.2
OG0001876	STRK1_20500.1	SRDH2_22330.1, SRDH2_22330.2, SRDH2_22330.5, SRDH2_22330.6, SRDH2_22330.3, SRDH2_22330.4
OG0001877	STRK1_13680.1	SRDH2_17930.1, SRDH2_17930.5, SRDH2_17930.2, SRDH2_17930.3, SRDH2_17930.4, SRDH2_17930.6
OG0001878	STRK1_98740.1, STRK1_53250.1, STRK1_109430.1, STRK1_98730.1	SRDH2_58090.3, SRDH2_58090.4, SRDH2_58090.5, SRDH2_58090.1, SRDH2_58090.2
OG0001879	STRK1_26350.1	SRDH2_26830.1
OG0001880	STRK1_17700.1	SRDH2_19960.1
OG0001881	STRK1_57350.1	SRDH2_60570.2, SRDH2_60570.1
OG0001882	STRK1_75620.1	SRDH2_76120.1, SRDH2_76120.2, SRDH2_76120.3, SRDH2_76120.4, SRDH2_76120.5
OG0001883	STRK1_16930.1	SRDH2_3430.1
OG0001884	STRK1_88080.1	SRDH2_90890.2, SRDH2_90890.1, SRDH2_90890.3
OG0001885	STRK1_8480.1, STRK1_102660.1	SRDH2_15130.1, SRDH2_15130.2, SRDH2_15130.3, SRDH2_15130.4
OG0001886	STRK1_70490.1, STRK1_70520.1	SRDH2_72960.1
OG0001887	STRK1_111220.1	SRDH2_64230.4, SRDH2_64230.3, SRDH2_64230.2, SRDH2_64230.1, SRDH2_64230.7, SRDH2_64230.5, SRDH2_64230.6
OG0001888	STRK1_64530.1	SRDH2_69450.1, SRDH2_69450.2
OG0001889	STRK1_81670.1	SRDH2_86970.1
OG0001890	STRK1_45700.1	SRDH2_48410.1, SRDH2_48410.2, SRDH2_48410.3
OG0001891	STRK1_88910.1, STRK1_88920.1	SRDH2_94620.1, SRDH2_94630.1, SRDH2_94640.1, SRDH2_94610.1
OG0001891	STRK1_89800.1	SRDH2_95340.1
OG0001892	STRK1_76330.1	SRDH2_80610.4, SRDH2_80610.5, SRDH2_80610.6, SRDH2_80610.7, SRDH2_80610.8, SRDH2_80610.1, SRDH2_80610.2, SRDH2_80610.3
OG0001893	STRK1_34950.1, STRK1_34950.2, STRK1_34950.3	SRDH2_35660.1
OG0001894	STRK1_79310.1, STRK1_79310.2, STRK1_79310.3, STRK1_79310.4	SRDH2_84260.1
OG0001895	STRK1_42600.1, STRK1_42600.2, STRK1_42650.1	SRDH2_44620.1, SRDH2_44620.2
OG0001896	STRK1_29160.1, STRK1_29160.2	SRDH2_31210.11, SRDH2_31210.1, SRDH2_31210.10, SRDH2_31210.8, SRDH2_31210.2, SRDH2_31210.6, SRDH2_31210.9, SRDH2_31210.3, SRDH2_31210.4, SRDH2_31210.5, SRDH2_31210.7
OG0001897	STRK1_72470.1	SRDH2_80120.1, SRDH2_80120.2, SRDH2_80120.3, SRDH2_80120.4, SRDH2_80120.5
OG0001898	STRK1_56070.1	SRDH2_59290.2, SRDH2_59290.5, SRDH2_59290.6, SRDH2_59290.8, SRDH2_59290.1, SRDH2_59290.9, SRDH2_59290.7, SRDH2_59290.3, SRDH2_59290.4
OG0001899	STRK1_28480.1, STRK1_28480.2	SRDH2_39120.1, SRDH2_39120.2, SRDH2_39120.4, SRDH2_39120.6, SRDH2_39120.5, SRDH2_39120.3, SRDH2_39120.9, SRDH2_39120.7, SRDH2_39120.8
OG0001900	STRK1_73790.1, STRK1_73790.2	SRDH2_76470.5, SRDH2_76470.2, SRDH2_76470.6, SRDH2_76470.1, SRDH2_76470.3, SRDH2_76470.4
OG0001901	STRK1_29790.1, STRK1_29790.2	SRDH2_30620.1
OG0001902	STRK1_28500.1	SRDH2_39100.2, SRDH2_39100.5, SRDH2_39100.6, SRDH2_39100.1, SRDH2_39100.3, SRDH2_39100.4
OG0001903	STRK1_81870.1	SRDH2_87430.1
OG0001904	STRK1_11500.1	SRDH2_12820.3, SRDH2_12820.4, SRDH2_12820.5, SRDH2_12820.1, SRDH2_12820.2
OG0001905	STRK1_104070.1, STRK1_56210.2, STRK1_56200.1, STRK1_56200.2, STRK1_56210.1, STRK1_53590.1	SRDH2_60200.1
OG0001906	STRK1_36580.2, STRK1_36580.1, STRK1_36580.3	SRDH2_29750.1
OG0001907	STRK1_6270.1	SRDH2_6920.5, SRDH2_6920.2, SRDH2_6920.4, SRDH2_6920.1, SRDH2_6920.3, SRDH2_6910.1
OG0001908	STRK1_62080.1, STRK1_62090.1	SRDH2_67360.1, SRDH2_67340.1, SRDH2_67330.1, SRDH2_67350.1, SRDH2_67320.1
OG0001909	STRK1_93170.1	SRDH2_98710.1
OG0001910	STRK1_28890.1	SRDH2_38640.1, SRDH2_38640.4, SRDH2_38640.2, SRDH2_38640.3
OG0001911	STRK1_47770.1, STRK1_47770.2	SRDH2_54370.3, SRDH2_54370.1, SRDH2_54370.2
OG0001912	STRK1_76490.1, STRK1_76490.2, STRK1_76490.3	SRDH2_82080.1
OG0001913	STRK1_71560.1	SRDH2_75180.1
OG0001914	STRK1_60010.1	SRDH2_62340.3, SRDH2_62340.5, SRDH2_62340.6, SRDH2_62340.4, SRDH2_62340.1, SRDH2_62340.2
OG0001915	STRK1_80790.1	SRDH2_85380.1, SRDH2_85380.3, SRDH2_85380.2
OG0001916	STRK1_6160.1	SRDH2_23130.4, SRDH2_23130.1, SRDH2_23130.2, SRDH2_23130.3
OG0001917	STRK1_12730.1, STRK1_12730.2, STRK1_12730.4, STRK1_12730.3	SRDH2_8460.1
OG0001918	STRK1_43990.1, STRK1_43990.2	SRDH2_46940.1
OG0001919	STRK1_66110.1, STRK1_66110.2	SRDH2_68430.2, SRDH2_68430.6, SRDH2_68430.8, SRDH2_68430.4, SRDH2_68430.3, SRDH2_68430.9, SRDH2_68430.5, SRDH2_68430.7, SRDH2_68430.1
OG0001920	STRK1_100410.1, STRK1_12580.1, STRK1_12580.2, STRK1_12590.1	SRDH2_8580.1
OG0001921	STRK1_38000.1	SRDH2_39840.5, SRDH2_39840.1, SRDH2_39840.2, SRDH2_39840.3, SRDH2_39840.4, SRDH2_39840.6, SRDH2_39840.7
OG0001922	STRK1_102080.1	SRDH2_59950.2, SRDH2_59950.6, SRDH2_59950.1, SRDH2_59950.8, SRDH2_59950.4, SRDH2_59950.10, SRDH2_59950.11, SRDH2_59950.7, SRDH2_59950.9, SRDH2_59950.3, SRDH2_59950.5
OG0001923	STRK1_15570.1	SRDH2_7060.2, SRDH2_7060.3, SRDH2_7060.1, SRDH2_7060.6, SRDH2_7060.5, SRDH2_7060.4
OG0001924	STRK1_48810.5, STRK1_48810.6, STRK1_48810.7, STRK1_48810.1, STRK1_48810.2, STRK1_48810.3, STRK1_48810.4	SRDH2_55730.1
OG0001925	STRK1_20340.1, STRK1_20340.2	SRDH2_22620.2, SRDH2_22620.1
OG0001926	STRK1_34130.1	SRDH2_34820.1, SRDH2_34820.2, SRDH2_34820.3
OG0001927	STRK1_80850.1, STRK1_80850.2	SRDH2_520.1, SRDH2_520.2, SRDH2_520.4, SRDH2_520.3
OG0001928	STRK1_52100.1, STRK1_52100.2, STRK1_52100.4, STRK1_52100.3	SRDH2_51770.1, SRDH2_51770.2
OG0001929	STRK1_70270.1, STRK1_70270.2, STRK1_70270.3	SRDH2_73190.1, SRDH2_73190.2, SRDH2_73190.4, SRDH2_73190.3
OG0001930	STRK1_29860.1, STRK1_29860.2, STRK1_29860.3	SRDH2_30560.1
OG0001931	STRK1_36570.3, STRK1_36570.1, STRK1_36570.2	SRDH2_29740.4, SRDH2_29740.3, SRDH2_29740.1, SRDH2_29740.2
OG0001932	STRK1_61990.1	SRDH2_67210.1
OG0001933	STRK1_22480.1, STRK1_22480.2	SRDH2_26100.2, SRDH2_26100.12, SRDH2_26100.10, SRDH2_26100.11, SRDH2_26100.8, SRDH2_26100.4, SRDH2_26100.13, SRDH2_26100.6, SRDH2_26100.5, SRDH2_26100.1, SRDH2_26100.7, SRDH2_26100.3, SRDH2_26100.9
OG0001934	STRK1_37580.1	SRDH2_42840.1
OG0001935	STRK1_7730.2, STRK1_7730.3, STRK1_7730.1, STRK1_7730.4	SRDH2_13980.1
OG0001936	STRK1_10980.1	SRDH2_11890.1
OG0001937	STRK1_4060.3, STRK1_4060.1, STRK1_4060.4, STRK1_4060.2, STRK1_4060.5	SRDH2_18250.1
OG0001941	STRK1_87790.1	SRDH2_91170.1, SRDH2_91170.2, SRDH2_91170.4, SRDH2_91170.5, SRDH2_91170.3
OG0001942	STRK1_23630.1	SRDH2_28380.1, SRDH2_28380.2, SRDH2_28380.3
OG0001943	STRK1_13300.1, STRK1_13300.3, STRK1_13300.2, STRK1_13300.4	SRDH2_19420.1, SRDH2_19420.2
OG0001944	STRK1_66250.1	SRDH2_70150.2, SRDH2_70150.5, SRDH2_70150.1, SRDH2_70150.6, SRDH2_70150.3, SRDH2_70150.4
OG0001945	STRK1_92480.1, STRK1_92480.2	SRDH2_99340.1
OG0001946	STRK1_29760.3, STRK1_29760.4, STRK1_29760.1, STRK1_29760.2, STRK1_29760.5	SRDH2_30650.1, SRDH2_30650.4, SRDH2_30650.3, SRDH2_30650.5, SRDH2_30650.2
OG0001947	STRK1_37240.2, STRK1_37240.1	SRDH2_42490.1, SRDH2_42490.2, SRDH2_42490.4, SRDH2_42490.3
OG0001948	STRK1_87890.1	SRDH2_91080.1, SRDH2_91080.2
OG0001949	STRK1_90360.1	SRDH2_97460.3, SRDH2_97460.4, SRDH2_97460.1, SRDH2_97460.2
OG0001950	STRK1_81210.1	SRDH2_86590.13, SRDH2_86590.11, SRDH2_86590.10, SRDH2_86590.9, SRDH2_86590.6, SRDH2_86590.8, SRDH2_86590.5, SRDH2_86590.7, SRDH2_86590.3, SRDH2_86590.4, SRDH2_86590.1, SRDH2_86590.2, SRDH2_86590.12
OG0001951	STRK1_5790.1, STRK1_5790.2, STRK1_5790.3, STRK1_5790.4	SRDH2_6390.2, SRDH2_6390.3, SRDH2_6390.1
OG0001952	STRK1_43440.1, STRK1_43440.2	SRDH2_46520.5, SRDH2_46520.4, SRDH2_46520.1, SRDH2_46520.2, SRDH2_46520.3
OG0001953	STRK1_31500.1	SRDH2_36290.1, SRDH2_36290.4, SRDH2_36290.6, SRDH2_36290.7, SRDH2_36290.2, SRDH2_36290.3, SRDH2_36290.5
OG0001954	STRK1_4450.1	SRDH2_15840.1, SRDH2_15840.4, SRDH2_15840.5, SRDH2_15840.2, SRDH2_15840.6, SRDH2_15840.3
OG0001955	STRK1_15370.1	SRDH2_5360.1
OG0001956	STRK1_75910.1, STRK1_75910.2	SRDH2_77800.1
OG0001957	STRK1_4590.1, STRK1_4590.2, STRK1_4590.4, STRK1_4590.3	SRDH2_15690.1, SRDH2_15690.2
OG0001958	STRK1_63180.1, STRK1_63180.2, STRK1_63180.3, STRK1_63180.4, STRK1_63180.5, STRK1_63180.7, STRK1_63180.8, STRK1_63180.6	SRDH2_64440.1, SRDH2_64440.2, SRDH2_64440.3, SRDH2_64440.5, SRDH2_64440.6, SRDH2_64440.7, SRDH2_64440.4
OG0001959	STRK1_29460.1	SRDH2_30920.1, SRDH2_30920.2, SRDH2_30920.4, SRDH2_30920.3, SRDH2_30920.5
OG0001960	STRK1_36730.1, STRK1_36730.2, STRK1_36730.3, STRK1_36730.4	SRDH2_29530.1, SRDH2_29530.2, SRDH2_29530.4, SRDH2_29530.3, SRDH2_29530.5
OG0001961	STRK1_66380.1	SRDH2_70000.1
OG0001962	STRK1_19080.1, STRK1_19080.2	SRDH2_21130.3, SRDH2_21130.5, SRDH2_21130.1, SRDH2_21130.4, SRDH2_21130.7, SRDH2_21130.6, SRDH2_21130.2
OG0001963	STRK1_26880.1, STRK1_26880.2	SRDH2_26410.2, SRDH2_26410.1, SRDH2_26410.4, SRDH2_26410.3, SRDH2_26410.6, SRDH2_26410.5
OG0001964	STRK1_88000.1	SRDH2_90980.1, SRDH2_90970.1
OG0001965	STRK1_81330.1, STRK1_81330.2	SRDH2_86630.10, SRDH2_86630.13, SRDH2_86630.12, SRDH2_86630.11, SRDH2_86630.1, SRDH2_86630.6, SRDH2_86630.7, SRDH2_86630.5, SRDH2_86630.3, SRDH2_86630.4, SRDH2_86630.8, SRDH2_86630.2, SRDH2_86630.9
OG0001966	STRK1_7060.1	SRDH2_7400.1, SRDH2_7400.4, SRDH2_7400.2, SRDH2_7400.3, SRDH2_7420.1
OG0001967	STRK1_92780.1, STRK1_92780.2	SRDH2_99010.2, SRDH2_99010.1, SRDH2_99010.4, SRDH2_99010.3
OG0001968	STRK1_32200.1	SRDH2_37050.6, SRDH2_37050.5, SRDH2_37050.3, SRDH2_37050.2, SRDH2_37050.1, SRDH2_37050.4
OG0001969	STRK1_98290.1, STRK1_30280.1	SRDH2_30090.4, SRDH2_30090.3, SRDH2_30090.1, SRDH2_30090.2, SRDH2_30090.5, SRDH2_30090.6
OG0001970	STRK1_33610.1, STRK1_33610.2	SRDH2_37520.1
OG0001971	STRK1_61440.1, STRK1_61440.2	SRDH2_62040.1, SRDH2_62040.2, SRDH2_62040.3
OG0001972	STRK1_62890.1, STRK1_62890.2, STRK1_62890.3	SRDH2_69800.4, SRDH2_69800.5, SRDH2_69800.1, SRDH2_69800.3, SRDH2_69800.6, SRDH2_69800.2
OG0001973	STRK1_78890.1	SRDH2_59460.1
OG0001973	STRK1_78890.1	SRDH2_59640.1
OG0001973	STRK1_78890.1	SRDH2_59650.1
OG0001974	STRK1_45210.1	SRDH2_48030.1
OG0001975	STRK1_49290.1, STRK1_49290.2, STRK1_49290.3, STRK1_49290.4	SRDH2_50700.1, SRDH2_50700.2, SRDH2_50700.3, SRDH2_50700.5, SRDH2_50700.4
OG0001976	STRK1_16210.1	SRDH2_4100.1, SRDH2_4100.2, SRDH2_102460.4, SRDH2_102460.3, SRDH2_102460.2, SRDH2_102460.1
OG0001977	STRK1_87120.1	SRDH2_93990.2, SRDH2_93990.1
OG0001978	STRK1_77150.1	SRDH2_81270.1, SRDH2_81270.4, SRDH2_81270.5, SRDH2_81270.3, SRDH2_81270.2
OG0001979	STRK1_52570.1, STRK1_52570.2	SRDH2_52230.1
OG0001980	STRK1_61260.1	SRDH2_63680.1, SRDH2_63680.2, SRDH2_63680.3, SRDH2_63680.4
OG0001981	STRK1_37230.1	SRDH2_42480.1, SRDH2_42470.1
OG0001982	STRK1_35660.1, STRK1_103410.1	SRDH2_32320.1
OG0001983	STRK1_81340.1, STRK1_105420.1, STRK1_81340.2	SRDH2_86640.1, SRDH2_86640.4, SRDH2_86640.5, SRDH2_86640.7, SRDH2_86640.9, SRDH2_86640.2, SRDH2_86640.3, SRDH2_86640.6, SRDH2_86640.8
OG0001984	STRK1_87560.1, STRK1_105350.1, STRK1_40520.1	SRDH2_91430.1
OG0001985	STRK1_28620.1	SRDH2_38970.1
OG0001986	STRK1_47290.5, STRK1_47290.2, STRK1_47290.1, STRK1_47290.4, STRK1_47290.3	SRDH2_53100.1
OG0001987	STRK1_28660.1	SRDH2_38920.1
OG0001988	STRK1_56990.1, STRK1_56980.1, STRK1_56980.2	SRDH2_60970.1
OG0001989	STRK1_9860.1	SRDH2_10890.4, SRDH2_10890.3, SRDH2_10890.5, SRDH2_10890.1, SRDH2_10890.6, SRDH2_10890.2
OG0001990	STRK1_49580.1, STRK1_99370.1	SRDH2_50420.1
OG0001991	STRK1_102090.1, STRK1_107370.1	SRDH2_15660.5, SRDH2_15660.6, SRDH2_15660.1, SRDH2_15660.2, SRDH2_15660.3, SRDH2_15660.4, SRDH2_15660.7
OG0001992	STRK1_45810.1	SRDH2_48550.1
OG0001993	STRK1_71960.1	SRDH2_77000.1
OG0001994	STRK1_18820.1, STRK1_101670.1	SRDH2_21340.1
OG0001995	STRK1_90330.1	SRDH2_97430.1, SRDH2_97430.3, SRDH2_97430.2
OG0001996	STRK1_93830.1	SRDH2_85600.1
OG0001996	STRK1_93820.1	SRDH2_85610.1
OG0001997	STRK1_12200.1	SRDH2_9040.6, SRDH2_9040.4, SRDH2_9040.7, SRDH2_9040.3, SRDH2_9040.5, SRDH2_9040.1, SRDH2_9040.2
OG0001998	STRK1_86940.1	SRDH2_94210.1
OG0001999	STRK1_49470.1	SRDH2_50540.1, SRDH2_50540.6, SRDH2_50540.7, SRDH2_50540.2, SRDH2_50540.3, SRDH2_50540.5, SRDH2_50540.4, SRDH2_50540.10, SRDH2_50540.8, SRDH2_50540.9, SRDH2_50540.11, SRDH2_50540.12, SRDH2_50540.13, SRDH2_50540.14, SRDH2_50540.15
OG0002000	STRK1_8570.1, STRK1_8570.2	SRDH2_9370.1
OG0002001	STRK1_11390.1, STRK1_11390.2	SRDH2_13030.1
OG0002002	STRK1_30720.1	SRDH2_33480.1, SRDH2_33480.3, SRDH2_33480.4, SRDH2_33480.2
OG0002003	STRK1_49500.1	SRDH2_50500.1, SRDH2_50500.2, SRDH2_50500.3
OG0002004	STRK1_15720.1, STRK1_15720.2	SRDH2_4600.3, SRDH2_4600.4, SRDH2_4600.5, SRDH2_4600.1, SRDH2_4600.2
OG0002005	STRK1_53420.1, STRK1_53430.2, STRK1_53430.1, STRK1_53650.1	SRDH2_57430.4, SRDH2_57430.5, SRDH2_57430.2, SRDH2_57430.1, SRDH2_57430.3
OG0002006	STRK1_70840.1	SRDH2_76810.1
OG0002007	STRK1_67070.1	SRDH2_70990.1, SRDH2_70980.1
OG0002008	STRK1_65320.1	SRDH2_63580.1
OG0002009	STRK1_35040.1	SRDH2_35770.1, SRDH2_35770.2, SRDH2_35770.3, SRDH2_35770.4, SRDH2_35770.5, SRDH2_35770.6, SRDH2_35770.7
OG0002010	STRK1_46260.1	SRDH2_54150.2, SRDH2_54150.3, SRDH2_54150.4, SRDH2_54150.1
OG0002011	STRK1_73470.3, STRK1_73470.1, STRK1_73470.2, STRK1_73470.4	SRDH2_77530.4, SRDH2_77530.1, SRDH2_77530.3, SRDH2_77530.2, SRDH2_77530.5
OG0002012	STRK1_8670.1	SRDH2_9580.1
OG0002012	STRK1_8740.1	SRDH2_9520.3, SRDH2_9520.4, SRDH2_9520.1, SRDH2_9520.5, SRDH2_9520.7, SRDH2_9520.2, SRDH2_9520.6
OG0002013	STRK1_52560.1	SRDH2_52220.1
OG0002014	STRK1_58790.1, STRK1_58790.2	SRDH2_13730.1, SRDH2_13720.1, SRDH2_65710.1
OG0002015	STRK1_85130.1, STRK1_85130.2, STRK1_85130.3, STRK1_85140.1	SRDH2_90190.1
OG0002016	STRK1_59390.1	SRDH2_64210.1, SRDH2_64210.8, SRDH2_64210.2, SRDH2_64210.3, SRDH2_64210.7, SRDH2_64210.5, SRDH2_64210.4, SRDH2_64210.6
OG0002017	STRK1_62490.1	SRDH2_65830.1, SRDH2_65830.2, SRDH2_65830.3, SRDH2_65830.4, SRDH2_65830.5
OG0002018	STRK1_69150.1	SRDH2_74490.1
OG0002019	STRK1_70750.1, STRK1_70750.2	SRDH2_72750.5, SRDH2_72750.7, SRDH2_72750.10, SRDH2_72750.9, SRDH2_72750.1, SRDH2_72750.11, SRDH2_72750.8, SRDH2_72750.4, SRDH2_72750.3, SRDH2_72750.2, SRDH2_72750.6
OG0002020	STRK1_63480.1	SRDH2_66290.1
OG0002021	STRK1_96350.1, STRK1_69810.1	SRDH2_73710.1
OG0002023	STRK1_66030.1	SRDH2_68510.2, SRDH2_68510.1
OG0002024	STRK1_106230.1, STRK1_100730.1, STRK1_103030.1, STRK1_108160.1	SRDH2_24630.1, SRDH2_24630.2, SRDH2_24630.3, SRDH2_24630.4
OG0002025	STRK1_59400.1	SRDH2_64190.3, SRDH2_64190.4, SRDH2_64190.1, SRDH2_64190.2, SRDH2_64190.5
OG0002026	STRK1_6580.1	SRDH2_4910.7, SRDH2_4910.8, SRDH2_4910.9, SRDH2_4910.3, SRDH2_4910.2, SRDH2_4910.1, SRDH2_4910.10, SRDH2_4910.6, SRDH2_4910.5, SRDH2_4910.4
OG0002027	STRK1_83110.1	SRDH2_88460.4, SRDH2_88460.5, SRDH2_88460.6, SRDH2_88460.3, SRDH2_88460.7, SRDH2_88460.8, SRDH2_88460.2, SRDH2_88460.1
OG0002028	STRK1_47040.1, STRK1_47040.2, STRK1_47040.3, STRK1_47040.4, STRK1_47040.5	SRDH2_53350.3, SRDH2_53350.2, SRDH2_53350.1, SRDH2_53350.5, SRDH2_53350.4
OG0002029	STRK1_33970.1	SRDH2_34620.2, SRDH2_34620.3, SRDH2_34620.4, SRDH2_34620.1
OG0002030	STRK1_59790.1, STRK1_59790.2, STRK1_59790.3, STRK1_59790.4, STRK1_59790.5	SRDH2_63750.1, SRDH2_63750.3, SRDH2_63750.2
OG0002031	STRK1_1210.1, STRK1_1210.2	SRDH2_1840.2, SRDH2_1840.3, SRDH2_1840.1
OG0002032	STRK1_91950.1, STRK1_91940.1	SRDH2_96860.1, SRDH2_96860.2, SRDH2_96860.3, SRDH2_96860.4
OG0002033	STRK1_58290.1, STRK1_58290.2	SRDH2_61790.5, SRDH2_61790.2, SRDH2_61790.6, SRDH2_61790.7, SRDH2_61790.3, SRDH2_61790.8, SRDH2_61790.1, SRDH2_61790.4
OG0002034	STRK1_65680.1	SRDH2_66730.2, SRDH2_66730.3, SRDH2_66730.1
OG0002035	STRK1_11290.1, STRK1_11290.2, STRK1_11290.3, STRK1_11290.4	SRDH2_13180.1, SRDH2_13180.2
OG0002036	STRK1_85050.1	SRDH2_90010.6, SRDH2_90010.10, SRDH2_90010.1, SRDH2_90010.8, SRDH2_90010.9, SRDH2_90010.2, SRDH2_90010.3, SRDH2_90010.4, SRDH2_90010.7, SRDH2_90010.5
OG0002037	STRK1_48310.1, STRK1_48310.2, STRK1_48310.3, STRK1_48310.4, STRK1_48310.5	SRDH2_55420.2, SRDH2_55420.1
OG0002038	STRK1_40110.1	SRDH2_44070.1
OG0002039	STRK1_49390.1	SRDH2_50630.1
OG0002040	STRK1_17390.1	SRDH2_2790.5, SRDH2_2790.2, SRDH2_2790.3, SRDH2_2790.1, SRDH2_2790.4
OG0002041	STRK1_73740.1	SRDH2_76400.1
OG0002042	STRK1_11430.1	SRDH2_13010.1, SRDH2_13010.2
OG0002043	STRK1_64210.1	SRDH2_64830.3, SRDH2_64830.1, SRDH2_64830.2
OG0002045	STRK1_102790.1, STRK1_82780.1	SRDH2_88370.1
OG0002046	STRK1_74240.1	SRDH2_76700.1, SRDH2_76700.2
OG0002047	STRK1_101930.1, STRK1_104400.1	SRDH2_87820.2, SRDH2_87820.3, SRDH2_87820.4, SRDH2_87820.5, SRDH2_87820.1, SRDH2_87820.8, SRDH2_87820.6, SRDH2_87820.7
OG0002048	STRK1_14740.1, STRK1_14740.2, STRK1_14740.3, STRK1_14740.4, STRK1_14740.5	SRDH2_16820.1, SRDH2_16820.2
OG0002049	STRK1_88350.1	SRDH2_92070.1
OG0002050	STRK1_51810.1	SRDH2_54850.1
OG0002051	STRK1_29610.1	SRDH2_30780.2, SRDH2_30780.1, SRDH2_30780.3
OG0002052	STRK1_40680.1	SRDH2_43550.2, SRDH2_43550.1, SRDH2_43550.4, SRDH2_43550.6, SRDH2_43550.3, SRDH2_43550.5
OG0002053	STRK1_73920.1	SRDH2_79150.1
OG0002054	STRK1_68680.1, STRK1_68680.2	SRDH2_74930.1
OG0002055	STRK1_55820.1	SRDH2_59750.2, SRDH2_59750.3, SRDH2_59750.4, SRDH2_59750.6, SRDH2_59750.10, SRDH2_59750.8, SRDH2_59750.1, SRDH2_59750.5, SRDH2_59750.7, SRDH2_59750.9
OG0002056	STRK1_86610.1	SRDH2_93020.1
OG0002057	STRK1_49220.1, STRK1_49220.2	SRDH2_50760.3, SRDH2_50760.2, SRDH2_50760.1
OG0002058	STRK1_12790.1, STRK1_12790.2, STRK1_12790.3	SRDH2_8340.1, SRDH2_8340.2, SRDH2_8340.3, SRDH2_8340.4, SRDH2_8340.5, SRDH2_8340.6
OG0002059	STRK1_42640.1	SRDH2_44660.1
OG0002060	STRK1_7150.1, STRK1_7150.2, STRK1_7150.3	SRDH2_7530.1, SRDH2_7530.2
OG0002061	STRK1_6390.1	SRDH2_4720.1, SRDH2_4710.1, SRDH2_4710.2, SRDH2_4710.3, SRDH2_4710.4, SRDH2_4710.5
OG0002062	STRK1_65100.1, STRK1_65100.2	SRDH2_68850.1
OG0002063	STRK1_102420.1, STRK1_42750.1, STRK1_97310.1	SRDH2_44750.1
OG0002064	STRK1_9430.1	SRDH2_10380.1, SRDH2_10380.2
OG0002065	STRK1_14270.1	SRDH2_85590.1
OG0002066	STRK1_73340.1	SRDH2_77390.1, SRDH2_77390.2, SRDH2_100170.1, SRDH2_100170.2, SRDH2_100150.1
OG0002067	STRK1_57240.1	SRDH2_60750.1
OG0002068	STRK1_7710.1, STRK1_7720.1	SRDH2_14010.1
OG0002070	STRK1_57210.1	SRDH2_60780.1
OG0002073	STRK1_90760.1	SRDH2_98210.1, SRDH2_98210.3, SRDH2_98210.2
OG0002074	STRK1_3740.1	SRDH2_19450.4, SRDH2_19450.6, SRDH2_19450.2, SRDH2_19450.1, SRDH2_19450.3, SRDH2_19450.5
OG0002075	STRK1_9920.1	SRDH2_10950.1, SRDH2_10950.2
OG0002076	STRK1_41870.1, STRK1_41870.2	SRDH2_42090.2, SRDH2_42090.3, SRDH2_42090.1
OG0002077	STRK1_11530.1	SRDH2_12870.1
OG0002079	STRK1_33160.1	SRDH2_37130.1, SRDH2_37130.2, SRDH2_37130.3
OG0002080	STRK1_52540.1	SRDH2_52200.1
OG0002081	STRK1_80380.1, STRK1_90910.1, STRK1_106750.1	SRDH2_84830.2, SRDH2_84830.1, SRDH2_84830.3, SRDH2_84830.4, SRDH2_84830.5
OG0002082	STRK1_57490.1, STRK1_86050.1, STRK1_86060.1	SRDH2_61080.1
OG0002082	STRK1_57500.1	SRDH2_61090.1
OG0002083	STRK1_42540.1	SRDH2_44900.1
OG0002084	STRK1_4170.1	SRDH2_18370.1, SRDH2_18360.1, SRDH2_18360.2
OG0002085	STRK1_60360.1	SRDH2_62660.1, SRDH2_62660.2, SRDH2_62660.3
OG0002086	STRK1_39450.1	SRDH2_41680.1, SRDH2_41680.2
OG0002087	STRK1_34790.1	SRDH2_35460.1, SRDH2_35460.3, SRDH2_35460.5, SRDH2_35460.4, SRDH2_35460.6, SRDH2_35460.2
OG0002088	STRK1_23900.1, STRK1_23900.2	SRDH2_28100.2, SRDH2_28100.3, SRDH2_28100.1, SRDH2_28100.4, SRDH2_28100.5
OG0002089	STRK1_43970.1	SRDH2_46840.1, SRDH2_46840.2
OG0002090	STRK1_48180.1, STRK1_48190.1	SRDH2_55410.1
OG0002091	STRK1_47130.1	SRDH2_53240.2, SRDH2_53240.1, SRDH2_53240.3
OG0002092	STRK1_37170.1, STRK1_37140.1	SRDH2_39190.1, SRDH2_39190.5, SRDH2_39190.4, SRDH2_39190.3, SRDH2_39190.2
OG0002093	STRK1_22600.1, STRK1_22610.1	SRDH2_25960.2, SRDH2_25960.1, SRDH2_25960.3
OG0002094	STRK1_6730.1	SRDH2_5040.2, SRDH2_5040.3, SRDH2_5040.1, SRDH2_5070.1
OG0002095	STRK1_14760.1	SRDH2_16770.1, SRDH2_16770.2
OG0002096	STRK1_27420.1	SRDH2_29140.1, SRDH2_29140.2, SRDH2_29140.3
OG0002097	STRK1_15270.1	SRDH2_5460.1
OG0002098	STRK1_61730.1	SRDH2_66940.3, SRDH2_66940.4, SRDH2_66940.6, SRDH2_66940.1, SRDH2_66940.5, SRDH2_66940.2, SRDH2_66940.7
OG0002099	STRK1_28520.1	SRDH2_39070.4, SRDH2_39070.10, SRDH2_39070.2, SRDH2_39070.3, SRDH2_39070.9, SRDH2_39070.7, SRDH2_39070.1, SRDH2_39070.8, SRDH2_39070.6, SRDH2_39070.5
OG0002100	STRK1_110120.1, STRK1_110120.2, STRK1_110120.3, STRK1_26630.1, STRK1_26630.2, STRK1_26630.3	SRDH2_28690.2, SRDH2_28690.3, SRDH2_28690.4, SRDH2_28690.1
OG0002101	STRK1_85600.1, STRK1_85610.1	SRDH2_93590.1
OG0002102	STRK1_25080.1	SRDH2_24790.1
OG0002102	STRK1_23070.1	SRDH2_25550.1
OG0002103	STRK1_99050.1, STRK1_100170.1	SRDH2_43370.3, SRDH2_43370.4, SRDH2_43370.5, SRDH2_43370.6, SRDH2_43370.1, SRDH2_43370.2
OG0002104	STRK1_29110.1	SRDH2_31260.1, SRDH2_31260.4, SRDH2_31260.3, SRDH2_31260.2
OG0002105	STRK1_26710.1	SRDH2_26220.2, SRDH2_26220.4, SRDH2_26220.3, SRDH2_26220.5, SRDH2_26220.1, SRDH2_26220.7, SRDH2_26220.6
OG0002106	STRK1_84750.1	SRDH2_90720.1
OG0002107	STRK1_58010.1	SRDH2_61550.5, SRDH2_61550.1, SRDH2_61550.3, SRDH2_61550.8, SRDH2_61550.6, SRDH2_61550.7
OG0002108	STRK1_88340.1	SRDH2_92060.1
OG0002108	STRK1_78810.1	SRDH2_83130.1, SRDH2_83120.1
OG0002109	STRK1_98690.1, STRK1_43220.1	SRDH2_45740.7, SRDH2_45740.8, SRDH2_45740.1, SRDH2_45740.6, SRDH2_45740.5, SRDH2_45740.2, SRDH2_45740.3, SRDH2_45740.4
OG0002110	STRK1_68910.1	SRDH2_86730.1, SRDH2_74690.1
OG0002111	STRK1_37490.1, STRK1_37490.2	SRDH2_42750.3, SRDH2_42750.2, SRDH2_42750.1, SRDH2_42750.4
OG0002112	STRK1_106420.1, STRK1_106420.2, STRK1_106420.3, STRK1_106420.4	SRDH2_60240.1, SRDH2_60240.2
OG0002113	STRK1_86010.1	SRDH2_92310.1, SRDH2_92310.4, SRDH2_92310.2, SRDH2_92310.3
OG0002114	STRK1_24830.1, STRK1_96770.1	SRDH2_24560.1
OG0002115	STRK1_48360.3, STRK1_48360.2, STRK1_48360.1	SRDH2_55970.3, SRDH2_55970.4, SRDH2_55970.5, SRDH2_55970.2, SRDH2_55970.1
OG0002116	STRK1_33820.1	SRDH2_38070.1
OG0002117	STRK1_15680.1, STRK1_15680.2	SRDH2_4640.1, SRDH2_4640.2
OG0002118	STRK1_43840.1	SRDH2_46740.1
OG0002118	STRK1_43830.1	SRDH2_46730.1
OG0002119	STRK1_81430.1, STRK1_101560.1	SRDH2_86760.2, SRDH2_86760.1, SRDH2_86760.5, SRDH2_86760.3, SRDH2_86760.4
OG0002120	STRK1_5850.1	SRDH2_6430.1, SRDH2_6430.2
OG0002121	STRK1_5860.1	SRDH2_6440.1, SRDH2_6440.2, SRDH2_6440.3, SRDH2_6440.4, SRDH2_6440.5, SRDH2_6440.6
OG0002122	STRK1_32260.1	SRDH2_37120.1
OG0002123	STRK1_100220.2, STRK1_100220.3, STRK1_100220.5, STRK1_100220.1, STRK1_100220.4	SRDH2_29720.1, SRDH2_29720.2
OG0002124	STRK1_19270.1	SRDH2_21350.1
OG0002125	STRK1_90580.1, STRK1_56130.1, STRK1_96650.1, STRK1_105090.1	SRDH2_99430.1
OG0002126	STRK1_99190.1, STRK1_17010.1	SRDH2_3200.1
OG0002127	STRK1_57720.1, STRK1_57720.2, STRK1_57720.3, STRK1_57720.4, STRK1_57720.5, STRK1_57720.6	SRDH2_61330.1
OG0002128	STRK1_6110.1	SRDH2_6610.1, SRDH2_6610.2, SRDH2_6610.3, SRDH2_6610.4, SRDH2_100070.1
OG0002129	STRK1_46320.1, STRK1_46330.1	SRDH2_54080.2, SRDH2_54080.1, SRDH2_54080.3
OG0002130	STRK1_24210.1, STRK1_24220.1	SRDH2_24990.1, SRDH2_24990.2
OG0002131	STRK1_38710.1, STRK1_38710.3, STRK1_38710.2	SRDH2_40780.1, SRDH2_40780.3, SRDH2_40780.4, SRDH2_40780.2
OG0002132	STRK1_96480.1, STRK1_54740.1, STRK1_54740.2, STRK1_54730.1, STRK1_110650.1, STRK1_54880.1	SRDH2_56180.1, SRDH2_56180.2
OG0002133	STRK1_45290.1	SRDH2_48180.5, SRDH2_48180.1, SRDH2_48180.3, SRDH2_48180.4, SRDH2_48180.2
OG0002134	STRK1_28130.1	SRDH2_38000.1
OG0002135	STRK1_26940.1	SRDH2_26470.1
OG0002136	STRK1_93460.1	SRDH2_96310.1, SRDH2_96310.2
OG0002138	STRK1_32620.1	SRDH2_31420.1
OG0002139	STRK1_64460.1	SRDH2_64530.4, SRDH2_64530.5, SRDH2_64530.2, SRDH2_64530.1, SRDH2_64530.3, SRDH2_64530.6, SRDH2_64530.7
OG0002140	STRK1_7110.1	SRDH2_7480.4, SRDH2_7480.1, SRDH2_7480.6, SRDH2_7480.7, SRDH2_7480.2, SRDH2_7480.8, SRDH2_7480.5, SRDH2_7480.3
OG0002141	STRK1_104910.1, STRK1_56340.1	SRDH2_60390.1, SRDH2_60390.2
OG0002142	STRK1_83800.1, STRK1_96740.1	SRDH2_88680.1
OG0002143	STRK1_50090.1	SRDH2_46610.1, SRDH2_46590.1, SRDH2_46640.1, SRDH2_55630.1, SRDH2_46600.1
OG0002144	STRK1_26400.1, STRK1_26400.2	SRDH2_26780.1, SRDH2_26780.2, SRDH2_26780.4, SRDH2_26780.5, SRDH2_26780.6, SRDH2_26780.3, SRDH2_26780.7, SRDH2_26780.8, SRDH2_26780.9
OG0002145	STRK1_29480.1	SRDH2_30890.4, SRDH2_30890.2, SRDH2_30890.1, SRDH2_30890.3
OG0002146	STRK1_14510.1	SRDH2_17070.1, SRDH2_17070.2, SRDH2_17070.3, SRDH2_17070.4, SRDH2_17070.6, SRDH2_17070.5
OG0002147	STRK1_49400.1	SRDH2_50610.1
OG0002148	STRK1_3700.1	SRDH2_6270.1
OG0002149	STRK1_51580.2, STRK1_51580.1, STRK1_51590.1	SRDH2_54610.1
OG0002150	STRK1_65660.1	SRDH2_66750.1
OG0002151	STRK1_100800.1	SRDH2_50440.1
OG0002151	STRK1_79470.1	SRDH2_84160.1, SRDH2_84160.2
OG0002152	STRK1_101700.1, STRK1_98260.1, STRK1_99100.1, STRK1_97910.1	SRDH2_75940.4, SRDH2_75940.3, SRDH2_75940.2, SRDH2_75940.1
OG0002153	STRK1_15530.1, STRK1_15540.1, STRK1_15540.2	SRDH2_7110.1, SRDH2_7110.2, SRDH2_7110.3
OG0002154	STRK1_31230.1, STRK1_31230.2	SRDH2_34040.1
OG0002155	STRK1_22360.1	SRDH2_24220.1
OG0002156	STRK1_87710.1	SRDH2_91320.1, SRDH2_91320.2, SRDH2_91320.3
OG0002157	STRK1_59540.1	SRDH2_64000.1, SRDH2_64000.2, SRDH2_64000.6, SRDH2_64000.3, SRDH2_64000.4, SRDH2_64000.5
OG0002158	STRK1_71180.1, STRK1_71180.3, STRK1_71180.2	SRDH2_78540.1
OG0002159	STRK1_73780.1, STRK1_73780.2	SRDH2_76460.1, SRDH2_76460.2
OG0002160	STRK1_60300.1	SRDH2_62600.8, SRDH2_62600.6, SRDH2_62600.7, SRDH2_62600.5, SRDH2_62600.1, SRDH2_62600.10, SRDH2_62600.3, SRDH2_62600.9, SRDH2_62600.4, SRDH2_62600.2
OG0002161	STRK1_43200.1	SRDH2_45700.1, SRDH2_45700.2, SRDH2_45700.3
OG0002162	STRK1_26560.1	SRDH2_26630.1
OG0002162	STRK1_26480.1	SRDH2_26580.1
OG0002163	STRK1_28810.1	SRDH2_38710.1
OG0002164	STRK1_55390.2, STRK1_55390.1, STRK1_55390.3	SRDH2_60040.1
OG0002165	STRK1_24310.1	SRDH2_28440.1
OG0002166	STRK1_53580.1	SRDH2_56460.1
OG0002168	STRK1_51090.1	SRDH2_48960.2, SRDH2_48960.1, SRDH2_48960.3, SRDH2_48960.4, SRDH2_48960.5, SRDH2_48960.6, SRDH2_48960.7
OG0002169	STRK1_20070.1, STRK1_20070.2	SRDH2_23170.5, SRDH2_23170.3, SRDH2_23170.2, SRDH2_23170.4, SRDH2_23170.1
OG0002170	STRK1_69930.1, STRK1_69930.2	SRDH2_73590.1, SRDH2_73590.2, SRDH2_73590.3
OG0002171	STRK1_17450.1, STRK1_110770.1, STRK1_17440.1, STRK1_111210.1, STRK1_17410.1, STRK1_17430.1, STRK1_95000.1, STRK1_17400.1, STRK1_111210.2	SRDH2_2770.1, SRDH2_2770.2
OG0002172	STRK1_29560.1	SRDH2_30810.4, SRDH2_30810.2, SRDH2_30810.3, SRDH2_30810.6, SRDH2_30810.7, SRDH2_30810.1, SRDH2_30810.5, SRDH2_30810.8
OG0002173	STRK1_61550.1, STRK1_61550.2	SRDH2_66860.4, SRDH2_66860.2, SRDH2_66860.1, SRDH2_66860.3
OG0002174	STRK1_75460.1	SRDH2_75950.1, SRDH2_75950.4, SRDH2_75950.2, SRDH2_75950.5
OG0002175	STRK1_72140.1	SRDH2_77190.1, SRDH2_77190.2
OG0002176	STRK1_61050.1, STRK1_61050.2, STRK1_61050.3	SRDH2_81370.2, SRDH2_81370.3, SRDH2_81370.4, SRDH2_81370.5, SRDH2_81370.1
OG0002177	STRK1_3180.1	SRDH2_5630.1
OG0002178	STRK1_70990.1	SRDH2_78780.4, SRDH2_78780.5, SRDH2_78780.3, SRDH2_78780.1, SRDH2_78780.2, SRDH2_78780.6
OG0002179	STRK1_9520.1, STRK1_9520.2	SRDH2_10500.1, SRDH2_10500.2, SRDH2_10500.4, SRDH2_10500.3
OG0002180	STRK1_71000.1	SRDH2_78760.1
OG0002181	STRK1_54360.1	SRDH2_57990.4, SRDH2_57990.1, SRDH2_57990.3, SRDH2_57990.2, SRDH2_57990.5
OG0002182	STRK1_103660.1, STRK1_74320.1, STRK1_70780.1, STRK1_74360.1, STRK1_74370.1	SRDH2_76620.1
OG0002183	STRK1_10830.1	SRDH2_12020.1
OG0002184	STRK1_88930.1, STRK1_106170.1, STRK1_88940.1, STRK1_88940.2	SRDH2_94600.1
OG0002185	STRK1_6590.2, STRK1_6590.1, STRK1_6590.3	SRDH2_4920.2, SRDH2_4920.1, SRDH2_4920.4, SRDH2_4920.5, SRDH2_4920.3
OG0002186	STRK1_108900.1	SRDH2_20080.12, SRDH2_20080.5, SRDH2_20080.6, SRDH2_20080.8, SRDH2_20080.3, SRDH2_20080.1, SRDH2_20080.11, SRDH2_20080.2, SRDH2_20080.4, SRDH2_20080.10, SRDH2_20080.7, SRDH2_20080.9
OG0002187	STRK1_4700.1	SRDH2_15580.1, SRDH2_15580.2
OG0002188	STRK1_65070.1	SRDH2_68880.1, SRDH2_68880.2
OG0002189	STRK1_36290.1	SRDH2_33090.1, SRDH2_33090.2, SRDH2_33090.3
OG0002190	STRK1_26010.1, STRK1_26010.2	SRDH2_27130.2, SRDH2_27130.1
OG0002191	STRK1_10920.1, STRK1_10930.1	SRDH2_12150.1, SRDH2_11930.1
OG0002192	STRK1_43010.1	SRDH2_45560.4, SRDH2_45560.3, SRDH2_45560.2, SRDH2_45560.1
OG0002193	STRK1_74130.1, STRK1_74130.2	SRDH2_78950.10, SRDH2_78950.11, SRDH2_78950.13, SRDH2_78950.16, SRDH2_78950.2, SRDH2_78950.3, SRDH2_78950.4, SRDH2_78950.5, SRDH2_78950.6, SRDH2_78950.7, SRDH2_78950.9, SRDH2_78950.1, SRDH2_78950.8, SRDH2_78950.12, SRDH2_78950.14, SRDH2_78950.15
OG0002194	STRK1_29470.1, STRK1_29470.2	SRDH2_30900.1, SRDH2_30900.2
OG0002195	STRK1_47530.1, STRK1_47530.2	SRDH2_52850.1, SRDH2_52850.2, SRDH2_52850.3, SRDH2_52850.5, SRDH2_52850.4
OG0002196	STRK1_66090.1	SRDH2_68450.1
OG0002197	STRK1_56410.1	SRDH2_60300.1, SRDH2_60300.2, SRDH2_60300.3, SRDH2_60300.4
OG0002198	STRK1_27050.1	SRDH2_28790.1, SRDH2_28790.3, SRDH2_28790.4, SRDH2_28790.2
OG0002199	STRK1_100700.1	SRDH2_75000.1
OG0002200	STRK1_52060.4, STRK1_52060.5, STRK1_52060.1, STRK1_52060.2, STRK1_52060.3	SRDH2_51710.1
OG0002201	STRK1_48510.1	SRDH2_51410.1, SRDH2_51410.2, SRDH2_51410.3, SRDH2_51410.4
OG0002202	STRK1_37310.1, STRK1_37310.2	SRDH2_42580.1
OG0002203	STRK1_74710.1, STRK1_74720.1	SRDH2_79520.1
OG0002204	STRK1_22740.1	SRDH2_25780.1
OG0002205	STRK1_15930.1	SRDH2_4410.2, SRDH2_4410.1
OG0002206	STRK1_85640.5, STRK1_85640.8, STRK1_85640.10, STRK1_85640.9, STRK1_85640.2, STRK1_85640.1, STRK1_85640.4, STRK1_85640.7, STRK1_85640.3, STRK1_85640.6	SRDH2_93520.1
OG0002208	STRK1_2650.1	SRDH2_18640.1, SRDH2_18640.2, SRDH2_18640.3, SRDH2_18640.4, SRDH2_18640.5
OG0002209	STRK1_104210.1, STRK1_103730.1, STRK1_105030.1, STRK1_99490.1	SRDH2_98070.3, SRDH2_98070.1, SRDH2_98070.2
OG0002210	STRK1_104690.1, STRK1_19770.1, STRK1_19760.1, STRK1_19780.1, STRK1_19750.1	SRDH2_22950.1, SRDH2_22760.1, SRDH2_22790.1, SRDH2_22770.1, SRDH2_22780.1
OG0002212	STRK1_93310.1	SRDH2_98570.1
OG0002214	STRK1_42870.1	SRDH2_44590.3, SRDH2_44590.1, SRDH2_44590.2
OG0002215	STRK1_7160.1, STRK1_7160.2	SRDH2_7540.1
OG0002216	STRK1_32530.1	SRDH2_31500.1
OG0002217	STRK1_16700.1, STRK1_16710.1	SRDH2_3490.1, SRDH2_3490.2, SRDH2_3490.3
OG0002218	STRK1_3200.1	SRDH2_5650.1
OG0002219	STRK1_13620.1, STRK1_13620.2, STRK1_13620.3, STRK1_13620.4, STRK1_13620.5, STRK1_13620.6	SRDH2_18130.1, SRDH2_18130.2, SRDH2_18130.3, SRDH2_18130.4, SRDH2_18130.5
OG0002220	STRK1_510.1	SRDH2_1070.1, SRDH2_1070.2, SRDH2_1070.3, SRDH2_1070.4
OG0002221	STRK1_8970.2, STRK1_8970.6, STRK1_8970.5, STRK1_8970.4	SRDH2_9870.2
OG0002221	STRK1_8970.1, STRK1_8970.3	SRDH2_9870.1
OG0002222	STRK1_35800.1	SRDH2_32440.1, SRDH2_32440.2, SRDH2_32440.3
OG0002223	STRK1_101340.1, STRK1_101350.1, STRK1_1920.1, STRK1_1910.1, STRK1_1910.2	SRDH2_19740.1
OG0002224	STRK1_7580.1	SRDH2_14210.3, SRDH2_14210.5, SRDH2_14210.6, SRDH2_14210.4, SRDH2_14210.2, SRDH2_14210.1
OG0002225	STRK1_86810.1, STRK1_86820.1, STRK1_102670.1	SRDH2_92810.1
OG0002226	STRK1_26390.1	SRDH2_26790.1, SRDH2_26790.2, SRDH2_26790.3, SRDH2_26790.5, SRDH2_26790.6, SRDH2_26790.7, SRDH2_26790.4
OG0002227	STRK1_40770.1	SRDH2_43470.1
OG0002228	STRK1_105160.1, STRK1_37680.1	SRDH2_42900.1
OG0002229	STRK1_5100.1	SRDH2_12210.1, SRDH2_12210.2
OG0002230	STRK1_62560.1	SRDH2_65900.1
OG0002231	STRK1_63170.1	SRDH2_64450.1, SRDH2_64450.2, SRDH2_64450.3, SRDH2_64450.4, SRDH2_64450.5
OG0002232	STRK1_75990.1	SRDH2_77890.1
OG0002233	STRK1_61500.1	SRDH2_61970.1
OG0002234	STRK1_51470.1	SRDH2_54510.1
OG0002234	STRK1_51480.1	SRDH2_54520.1
OG0002235	STRK1_2370.1	SRDH2_18930.6, SRDH2_18930.1, SRDH2_18930.3, SRDH2_18930.4, SRDH2_18930.5, SRDH2_18930.2, SRDH2_18930.8, SRDH2_18930.7
OG0002236	STRK1_65740.1, STRK1_65720.1	SRDH2_70320.1
OG0002237	STRK1_40420.1	SRDH2_43800.1
OG0002238	STRK1_98570.1, STRK1_19420.1, STRK1_19420.2, STRK1_19420.3	SRDH2_21460.1
OG0002239	STRK1_92800.1	SRDH2_99030.1
OG0002240	STRK1_41600.1, STRK1_41600.2	SRDH2_42230.1
OG0002241	STRK1_65920.1	SRDH2_68240.1
OG0002242	STRK1_109860.1, STRK1_109860.2	SRDH2_42530.1
OG0002243	STRK1_30420.1	SRDH2_29890.2, SRDH2_29890.1
OG0002244	STRK1_24120.1	SRDH2_24910.1, SRDH2_24910.5, SRDH2_24910.2, SRDH2_24910.3, SRDH2_24910.4
OG0002245	STRK1_58300.1	SRDH2_61800.1, SRDH2_61800.2, SRDH2_61800.3, SRDH2_61800.4, SRDH2_61800.5
OG0002246	STRK1_19970.1	SRDH2_22990.1
OG0002247	STRK1_26920.1, STRK1_26920.2	SRDH2_26450.4, SRDH2_26450.2, SRDH2_26450.3, SRDH2_26450.1
OG0002248	STRK1_47190.1, STRK1_47190.2, STRK1_47190.3, STRK1_47190.4	SRDH2_53140.1, SRDH2_53140.2
OG0002249	STRK1_48780.1	SRDH2_55760.4, SRDH2_55760.2, SRDH2_55760.1, SRDH2_55760.3
OG0002250	STRK1_38500.1	SRDH2_40480.2, SRDH2_40480.1, SRDH2_40480.4, SRDH2_40480.3
OG0002251	STRK1_25570.1, STRK1_25570.2, STRK1_25570.3	SRDH2_27610.3, SRDH2_27610.1, SRDH2_27610.2
OG0002252	STRK1_6840.1, STRK1_6840.2	SRDH2_5190.1, SRDH2_5190.2, SRDH2_5190.3, SRDH2_5190.4, SRDH2_5190.5, SRDH2_5190.6, SRDH2_5190.7, SRDH2_5190.8, SRDH2_5190.9
OG0002253	STRK1_55250.1, STRK1_55260.1, STRK1_55250.2	SRDH2_7570.1, SRDH2_7610.1
OG0002254	STRK1_51990.1, STRK1_51990.2	SRDH2_52530.1, SRDH2_52530.2, SRDH2_52530.3, SRDH2_52530.4, SRDH2_52530.5
OG0002255	STRK1_3650.1, STRK1_3650.2	SRDH2_6170.1
OG0002256	STRK1_51140.1	SRDH2_48910.1
OG0002257	STRK1_98830.1, STRK1_46810.1, STRK1_98840.1	SRDH2_53590.1, SRDH2_53590.2
OG0002258	STRK1_46880.1	SRDH2_53520.2, SRDH2_53520.1, SRDH2_53520.3
OG0002259	STRK1_24640.2, STRK1_24640.1, STRK1_24640.3, STRK1_24640.4	SRDH2_28590.1, SRDH2_28590.2
OG0002260	STRK1_470.1	SRDH2_960.1
OG0002261	STRK1_52640.1, STRK1_52640.2, STRK1_52640.3	SRDH2_52290.6, SRDH2_52290.2, SRDH2_52290.3, SRDH2_52290.1, SRDH2_52290.4, SRDH2_52290.5
OG0002262	STRK1_13390.1	SRDH2_18240.1, SRDH2_18240.2
OG0002263	STRK1_64840.1	SRDH2_69150.1, SRDH2_69150.3, SRDH2_69150.4, SRDH2_69150.2
OG0002264	STRK1_40920.1, STRK1_40920.2	SRDH2_43310.3, SRDH2_43310.2, SRDH2_43310.4, SRDH2_43310.1
OG0002265	STRK1_38670.1	SRDH2_40730.1
OG0002266	STRK1_100840.1	SRDH2_97920.3, SRDH2_97920.4, SRDH2_97920.5, SRDH2_97920.2, SRDH2_97920.1
OG0002267	STRK1_11770.1, STRK1_11770.2	SRDH2_15350.1
OG0002268	STRK1_95590.1	SRDH2_86170.1, SRDH2_86170.2, SRDH2_86170.3, SRDH2_86170.4
OG0002269	STRK1_65500.1, STRK1_99140.1, STRK1_99140.2	SRDH2_63420.1, SRDH2_63430.1, SRDH2_63430.2
OG0002270	STRK1_85490.1	SRDH2_91560.1, SRDH2_91560.2
OG0002271	STRK1_78340.1, STRK1_78340.3, STRK1_78340.2	SRDH2_83370.1
OG0002272	STRK1_22910.1, STRK1_106110.1, STRK1_105790.1, STRK1_107810.1, STRK1_102630.1, STRK1_22920.1, STRK1_102110.1	SRDH2_25380.2, SRDH2_25380.1, SRDH2_25380.3
OG0002273	STRK1_72650.1	SRDH2_79970.1
OG0002274	STRK1_44580.1	SRDH2_47350.1
OG0002275	STRK1_81630.1	SRDH2_86950.1
OG0002276	STRK1_46850.1	SRDH2_53550.2, SRDH2_53550.1
OG0002277	STRK1_62600.1, STRK1_97300.1, STRK1_101200.1	SRDH2_52360.4, SRDH2_52360.5, SRDH2_52360.7, SRDH2_52360.1, SRDH2_52360.10, SRDH2_52360.2, SRDH2_52360.6, SRDH2_52360.9, SRDH2_52360.3, SRDH2_52360.8
OG0002278	STRK1_89450.1	SRDH2_95120.1
OG0002279	STRK1_79740.1	SRDH2_83850.1
OG0002279	STRK1_84110.1	SRDH2_90520.1
OG0002280	STRK1_55400.1, STRK1_55400.2, STRK1_107230.1, STRK1_100470.1	SRDH2_60050.1
OG0002281	STRK1_41590.1	SRDH2_42240.1, SRDH2_42240.2, SRDH2_42240.3
OG0002282	STRK1_8880.1	SRDH2_9730.1
OG0002283	STRK1_52040.1	SRDH2_52480.1, SRDH2_52480.2
OG0002284	STRK1_68730.1	SRDH2_74880.1
OG0002285	STRK1_12510.1, STRK1_12510.2, STRK1_12510.3	SRDH2_8690.1
OG0002286	STRK1_65020.1	SRDH2_68960.1, SRDH2_68960.2
OG0002287	STRK1_59510.1	SRDH2_64030.4, SRDH2_64030.3, SRDH2_64030.1, SRDH2_64030.2
OG0002288	STRK1_75530.1	SRDH2_76040.3, SRDH2_76040.2, SRDH2_76040.6, SRDH2_76040.5, SRDH2_76040.7, SRDH2_76040.4, SRDH2_76040.1, SRDH2_76040.8
OG0002289	STRK1_34360.1, STRK1_34360.2, STRK1_34360.3, STRK1_34360.4	SRDH2_35050.1
OG0002290	STRK1_83070.1, STRK1_83080.1	SRDH2_88310.1
OG0002291	STRK1_62840.1, STRK1_62840.2	SRDH2_69860.1, SRDH2_69860.2
OG0002292	STRK1_74470.1, STRK1_74470.2	SRDH2_76520.1
OG0002293	STRK1_58160.1	SRDH2_61690.1, SRDH2_61690.3, SRDH2_61690.2, SRDH2_61690.4
OG0002295	STRK1_91790.1, STRK1_47680.1	SRDH2_52720.1
OG0002296	STRK1_11100.1, STRK1_11100.2	SRDH2_11760.2, SRDH2_11760.1, SRDH2_11760.3, SRDH2_11760.4
OG0002297	STRK1_36790.1	SRDH2_29470.1
OG0002297	STRK1_36780.1	SRDH2_29480.2, SRDH2_29480.3, SRDH2_29480.1
OG0002298	STRK1_17370.1	SRDH2_2870.1, SRDH2_46010.1
OG0002298	STRK1_17360.1	SRDH2_2840.1
OG0002299	STRK1_25610.1, STRK1_25610.2, STRK1_25610.3, STRK1_25610.4, STRK1_25610.5	SRDH2_27560.3, SRDH2_27560.2, SRDH2_27560.4, SRDH2_27560.1
OG0002300	STRK1_72620.1	SRDH2_80000.1
OG0002301	STRK1_88610.1	SRDH2_92670.4, SRDH2_92670.3, SRDH2_92670.1, SRDH2_92670.2
OG0002302	STRK1_103010.1, STRK1_14460.1, STRK1_15020.1	SRDH2_16510.1, SRDH2_16510.2, SRDH2_16510.3
OG0002303	STRK1_74450.1, STRK1_74450.2	SRDH2_76540.1, SRDH2_76540.2, SRDH2_76540.3, SRDH2_76540.5, SRDH2_76540.4
OG0002304	STRK1_66300.1, STRK1_66300.2, STRK1_98810.1	SRDH2_70090.6, SRDH2_70090.7, SRDH2_70090.1, SRDH2_70090.2, SRDH2_70090.3, SRDH2_70090.4, SRDH2_70090.5
OG0002305	STRK1_37080.1	SRDH2_36150.1
OG0002306	STRK1_63400.1, STRK1_63400.2	SRDH2_66210.1, SRDH2_66200.1
OG0002307	STRK1_75540.1	SRDH2_76050.1, SRDH2_76050.2
OG0002308	STRK1_52390.1, STRK1_52390.2	SRDH2_52090.1
OG0002309	STRK1_37610.1	SRDH2_42870.6, SRDH2_42870.5, SRDH2_42870.1, SRDH2_42870.4, SRDH2_42870.2, SRDH2_42870.3
OG0002310	STRK1_20590.1	SRDH2_22240.1
OG0002311	STRK1_6660.1, STRK1_6660.2	SRDH2_4990.1, SRDH2_4990.2
OG0002312	STRK1_30930.1	SRDH2_23730.1
OG0002313	STRK1_38600.2, STRK1_38600.1	SRDH2_40600.1, SRDH2_40600.2
OG0002314	STRK1_16060.2, STRK1_16060.1	SRDH2_4240.1
OG0002315	STRK1_12500.1, STRK1_12500.2, STRK1_12500.4, STRK1_12500.3	SRDH2_8700.3, SRDH2_8700.1, SRDH2_8700.2, SRDH2_8700.4
OG0002316	STRK1_68920.2, STRK1_68920.1, STRK1_68920.3	SRDH2_74680.1
OG0002317	STRK1_45130.2, STRK1_45130.1, STRK1_45130.3, STRK1_84570.1	SRDH2_47910.1
OG0002318	STRK1_21310.1, STRK1_21320.1	SRDH2_23330.1, SRDH2_23330.2
OG0002319	STRK1_2560.1	SRDH2_18730.1
OG0002320	STRK1_75180.1	SRDH2_75700.1
OG0002321	STRK1_101470.1, STRK1_101460.1, STRK1_14320.1	SRDH2_17310.1, SRDH2_17310.2
OG0002322	STRK1_19210.1	SRDH2_21280.1
OG0002323	STRK1_64270.1	SRDH2_64770.1
OG0002324	STRK1_13260.1, STRK1_13260.2	SRDH2_14380.8, SRDH2_14380.2, SRDH2_14380.7, SRDH2_14380.9, SRDH2_14380.3, SRDH2_14380.5, SRDH2_14380.1, SRDH2_14380.10, SRDH2_14380.4, SRDH2_14380.6
OG0002325	STRK1_11440.1, STRK1_11440.2	SRDH2_13000.1
OG0002326	STRK1_85760.1, STRK1_85760.2, STRK1_85760.3	SRDH2_93400.1
OG0002327	STRK1_72580.1, STRK1_72580.3, STRK1_72580.2, STRK1_72590.1	SRDH2_80030.1
OG0002328	STRK1_7300.1, STRK1_7300.2	SRDH2_7680.1
OG0002329	STRK1_1700.1	SRDH2_1930.1, SRDH2_1930.4, SRDH2_1930.7, SRDH2_1930.2, SRDH2_1930.6, SRDH2_1930.8, SRDH2_1930.9, SRDH2_1930.12, SRDH2_1930.11, SRDH2_1930.3, SRDH2_1930.10, SRDH2_1930.5
OG0002330	STRK1_3520.1, STRK1_3520.2	SRDH2_5970.1, SRDH2_5970.2, SRDH2_5970.3
OG0002331	STRK1_3190.1	SRDH2_5640.1, SRDH2_5640.2
OG0002333	STRK1_47720.1, STRK1_47720.2, STRK1_47720.3	SRDH2_52680.1, SRDH2_52680.5, SRDH2_52680.6, SRDH2_52680.2, SRDH2_52680.7, SRDH2_52680.3, SRDH2_52680.4, SRDH2_52680.8
OG0002334	STRK1_12070.1	SRDH2_9180.3, SRDH2_9180.2, SRDH2_9180.1
OG0002335	STRK1_14220.1, STRK1_14220.2	SRDH2_17400.1, SRDH2_17400.2, SRDH2_17400.3, SRDH2_17400.4, SRDH2_17400.5, SRDH2_17400.6
OG0002336	STRK1_53210.1, STRK1_53210.2, STRK1_53210.4, STRK1_53210.5, STRK1_53210.3	SRDH2_58130.1
OG0002337	STRK1_90720.1	SRDH2_99790.2, SRDH2_99790.1, SRDH2_99790.3
OG0002338	STRK1_8980.1	SRDH2_9860.1
OG0002339	STRK1_86430.1	SRDH2_92610.1, SRDH2_92620.3, SRDH2_92620.4, SRDH2_92620.2, SRDH2_101820.1, SRDH2_57600.1, SRDH2_57610.1, SRDH2_92620.1, SRDH2_92610.2
OG0002340	STRK1_17310.1	SRDH2_45990.1, SRDH2_45990.3, SRDH2_45990.4, SRDH2_45990.2, SRDH2_2820.1, SRDH2_2820.2, SRDH2_2820.3, SRDH2_2820.4, SRDH2_2820.5, SRDH2_2820.6
OG0002341	STRK1_85420.1, STRK1_85420.2, STRK1_85420.3, STRK1_85420.4, STRK1_85420.5, STRK1_85420.6, STRK1_85420.7	SRDH2_91640.2, SRDH2_91640.3, SRDH2_91640.1
OG0002342	STRK1_16590.1, STRK1_16590.2	SRDH2_3610.1, SRDH2_3610.2, SRDH2_3610.3
OG0002343	STRK1_40100.1, STRK1_40100.2	SRDH2_44090.1
OG0002344	STRK1_61650.4, STRK1_61650.2, STRK1_61650.1, STRK1_61650.3	SRDH2_61900.1
OG0002345	STRK1_88290.1	SRDH2_89710.1
OG0002346	STRK1_22810.1	SRDH2_25740.1, SRDH2_25740.2, SRDH2_25740.3
OG0002347	STRK1_18690.1, STRK1_18680.1, STRK1_18680.2	SRDH2_20860.1
OG0002348	STRK1_30940.1	SRDH2_33700.1
OG0002349	STRK1_85330.1	SRDH2_91690.2, SRDH2_91690.1, SRDH2_91690.3, SRDH2_91700.1
OG0002350	STRK1_104490.1, STRK1_31320.1	SRDH2_34110.1
OG0002351	STRK1_52330.1, STRK1_52330.2, STRK1_52330.3	SRDH2_52040.1
OG0002352	STRK1_87740.1, STRK1_87740.2	SRDH2_91210.2, SRDH2_91210.3, SRDH2_91210.4, SRDH2_91210.1
OG0002353	STRK1_71980.1	SRDH2_77020.1
OG0002354	STRK1_12700.1	SRDH2_8480.1
OG0002355	STRK1_71360.1	SRDH2_75350.1, SRDH2_75350.2
OG0002356	STRK1_62670.1, STRK1_62670.2	SRDH2_65990.1
OG0002357	STRK1_98060.1	SRDH2_28210.1
OG0002358	STRK1_13550.1, STRK1_13550.2	SRDH2_18050.1, SRDH2_18050.2, SRDH2_18050.4, SRDH2_18050.3, SRDH2_18050.5
OG0002359	STRK1_5410.1	SRDH2_13640.2, SRDH2_13640.1, SRDH2_13640.5, SRDH2_13640.3, SRDH2_13640.4
OG0002360	STRK1_73060.1, STRK1_73060.2, STRK1_73060.3	SRDH2_78150.2, SRDH2_78150.1, SRDH2_78150.3
OG0002361	STRK1_81970.1	SRDH2_87490.1, SRDH2_87490.2, SRDH2_87490.3
OG0002362	STRK1_62340.1, STRK1_62340.2	SRDH2_67570.1
OG0002363	STRK1_106220.1, STRK1_66640.1	SRDH2_70450.5, SRDH2_70450.2, SRDH2_70450.4, SRDH2_70450.6, SRDH2_70450.7, SRDH2_70450.3, SRDH2_70450.1
OG0002364	STRK1_40820.1	SRDH2_43420.1, SRDH2_43420.2, SRDH2_43420.3, SRDH2_43420.4
OG0002365	STRK1_15620.1	SRDH2_4650.2, SRDH2_4650.3, SRDH2_4650.4, SRDH2_4650.5, SRDH2_4650.7, SRDH2_4650.1, SRDH2_4650.6
OG0002370	STRK1_51270.1	SRDH2_48770.1
OG0002371	STRK1_1150.1, STRK1_1150.2, STRK1_1150.3, STRK1_1150.4	SRDH2_1770.1
OG0002372	STRK1_63890.1, STRK1_109690.1	SRDH2_65200.3, SRDH2_65200.2, SRDH2_65200.1, SRDH2_65200.4, SRDH2_65200.6, SRDH2_65200.7, SRDH2_65200.8, SRDH2_65200.9, SRDH2_65200.5
OG0002373	STRK1_73000.1	SRDH2_78200.1
OG0002374	STRK1_3220.1, STRK1_3220.2, STRK1_3220.3	SRDH2_5670.1
OG0002375	STRK1_93050.1, STRK1_93080.1	SRDH2_98810.1
OG0002376	STRK1_70180.1, STRK1_70180.2	SRDH2_73280.6, SRDH2_73280.1, SRDH2_73280.5, SRDH2_73280.2, SRDH2_73280.3, SRDH2_73280.4, SRDH2_73280.7
OG0002377	STRK1_110210.1, STRK1_111040.1, STRK1_30230.1, STRK1_30240.1	SRDH2_30120.1, SRDH2_30150.1
OG0002378	STRK1_38260.1	SRDH2_40060.1
OG0002379	STRK1_41040.1	SRDH2_43110.1
OG0002380	STRK1_20040.1	SRDH2_23220.1
OG0002381	STRK1_51550.1	SRDH2_54590.1, SRDH2_54590.2
OG0002382	STRK1_9300.1, STRK1_9300.2, STRK1_9300.3	SRDH2_10230.2, SRDH2_10230.4, SRDH2_10230.6, SRDH2_10230.1, SRDH2_10230.3, SRDH2_10230.5
OG0002383	STRK1_46660.1, STRK1_46660.2, STRK1_46660.3	SRDH2_53740.1
OG0002384	STRK1_79320.1	SRDH2_84250.1
OG0002385	STRK1_37060.2, STRK1_37060.5, STRK1_37060.8, STRK1_37060.7, STRK1_37060.6, STRK1_37060.3, STRK1_37060.1, STRK1_37060.4	SRDH2_29180.1
OG0002386	STRK1_34370.1, STRK1_34380.1	SRDH2_35060.2, SRDH2_35060.3, SRDH2_35060.1, SRDH2_35060.4
OG0002387	STRK1_73880.1	SRDH2_79190.1, SRDH2_79190.2, SRDH2_79200.1
OG0002388	STRK1_67100.1, STRK1_67110.1, STRK1_67120.1, STRK1_10090.1, STRK1_10090.2	SRDH2_10990.1
OG0002389	STRK1_87730.1	SRDH2_91340.1
OG0002390	STRK1_14600.1	SRDH2_16940.2, SRDH2_16940.1, SRDH2_16940.4, SRDH2_16940.3
OG0002391	STRK1_2060.1	SRDH2_19190.2, SRDH2_19190.1, SRDH2_19190.3, SRDH2_19190.4
OG0002392	STRK1_85170.1	SRDH2_91880.8, SRDH2_91880.9, SRDH2_91880.1, SRDH2_91880.2, SRDH2_91880.3, SRDH2_91880.4, SRDH2_91880.5, SRDH2_91880.6, SRDH2_91880.7
OG0002393	STRK1_56920.1, STRK1_56920.2	SRDH2_61020.1, SRDH2_61020.2, SRDH2_61020.3, SRDH2_61020.4
OG0002394	STRK1_32570.1	SRDH2_31470.1
OG0002395	STRK1_91730.1, STRK1_91680.1, STRK1_107650.1	SRDH2_85740.1
OG0002396	STRK1_34100.1	SRDH2_34780.1, SRDH2_34780.2, SRDH2_34780.4, SRDH2_34780.3, SRDH2_34780.5
OG0002397	STRK1_76450.3, STRK1_76450.1, STRK1_76450.2, STRK1_76450.4	SRDH2_80740.1, SRDH2_80740.2
OG0002398	STRK1_15330.1	SRDH2_5390.8, SRDH2_5390.7, SRDH2_5390.3, SRDH2_5390.4, SRDH2_5390.1, SRDH2_5390.2, SRDH2_5390.5, SRDH2_5390.6
OG0002399	STRK1_39000.1, STRK1_39000.2	SRDH2_41120.2, SRDH2_41120.1
OG0002400	STRK1_17050.1	SRDH2_3160.1
OG0002401	STRK1_105390.1	SRDH2_99570.1, SRDH2_99570.3, SRDH2_99570.2, SRDH2_99570.4
OG0002402	STRK1_19820.1, STRK1_102610.1, STRK1_19800.1, STRK1_102750.1, STRK1_19810.1	SRDH2_22890.1, SRDH2_22890.2
OG0002403	STRK1_24840.1, STRK1_24840.2	SRDH2_24570.1, SRDH2_24570.2
OG0002404	STRK1_65340.1	SRDH2_63560.2, SRDH2_63560.1, SRDH2_63560.3, SRDH2_63560.4
OG0002405	STRK1_1300.1	SRDH2_1900.5, SRDH2_1900.2, SRDH2_1900.3, SRDH2_1900.1, SRDH2_1900.4
OG0002406	STRK1_12400.1	SRDH2_8810.4, SRDH2_8810.1, SRDH2_8810.2, SRDH2_8810.3
OG0002407	STRK1_12820.1	SRDH2_8310.1, SRDH2_8310.2
OG0002407	STRK1_12830.1	SRDH2_8300.1
OG0002408	STRK1_75070.1	SRDH2_75590.1, SRDH2_75590.2, SRDH2_75590.3, SRDH2_75590.4
OG0002409	STRK1_81700.1, STRK1_103120.1	SRDH2_86980.1
OG0002410	STRK1_36320.1	SRDH2_33070.1
OG0002411	STRK1_85480.1	SRDH2_91580.2, SRDH2_91580.3, SRDH2_91580.1
OG0002412	STRK1_30300.1, STRK1_30300.2	SRDH2_30020.1
OG0002413	STRK1_85120.1, STRK1_85120.2	SRDH2_90170.1, SRDH2_90170.2, SRDH2_90170.3, SRDH2_90170.4, SRDH2_90170.5, SRDH2_90170.6, SRDH2_90170.7, SRDH2_90170.8
OG0002414	STRK1_54910.1	SRDH2_56510.1, SRDH2_56510.4, SRDH2_56510.2, SRDH2_56510.3
OG0002415	STRK1_104080.1, STRK1_104080.2, STRK1_104080.3, STRK1_19090.1	SRDH2_21040.1, SRDH2_21040.2, SRDH2_21040.3, SRDH2_21040.4
OG0002416	STRK1_38990.1, STRK1_38990.2	SRDH2_41070.5, SRDH2_41070.1, SRDH2_41070.2, SRDH2_41070.3, SRDH2_41070.4
OG0002417	STRK1_14790.1	SRDH2_16740.1, SRDH2_16740.2, SRDH2_16740.3, SRDH2_16740.4
OG0002418	STRK1_34240.2, STRK1_34240.1	SRDH2_34930.5, SRDH2_34930.2, SRDH2_34930.4, SRDH2_34930.1, SRDH2_34930.3
OG0002419	STRK1_27340.1	SRDH2_29060.1
OG0002420	STRK1_34410.1, STRK1_34410.2	SRDH2_35100.1, SRDH2_35100.2, SRDH2_35100.3, SRDH2_35100.4, SRDH2_35100.5, SRDH2_35100.6, SRDH2_35100.7, SRDH2_35100.9, SRDH2_35100.10, SRDH2_35100.8
OG0002421	STRK1_69580.1	SRDH2_73910.1
OG0002422	STRK1_35760.1	SRDH2_32400.1
OG0002423	STRK1_68520.1	SRDH2_72450.1, SRDH2_72450.3, SRDH2_72450.2, SRDH2_72450.4
OG0002424	STRK1_53480.1, STRK1_53490.1, STRK1_53490.2	SRDH2_57230.1
OG0002425	STRK1_35520.1	SRDH2_32170.5, SRDH2_32170.6, SRDH2_32170.7, SRDH2_32170.3, SRDH2_32170.8, SRDH2_32170.1, SRDH2_32170.2, SRDH2_32170.4
OG0002426	STRK1_109530.1, STRK1_28160.1, STRK1_28160.2	SRDH2_38030.1
OG0002427	STRK1_100320.1, STRK1_12410.1	SRDH2_8800.1, SRDH2_8790.1
OG0002428	STRK1_7900.1, STRK1_7900.2, STRK1_7900.3, STRK1_7900.4	SRDH2_14520.4, SRDH2_14520.2, SRDH2_14520.3, SRDH2_14520.1
OG0002429	STRK1_38310.1	SRDH2_40120.1
OG0002430	STRK1_73640.1	SRDH2_76290.1, SRDH2_76290.5, SRDH2_76290.3, SRDH2_76290.4, SRDH2_76290.6, SRDH2_76290.2
OG0002431	STRK1_28430.1	SRDH2_34250.1, SRDH2_34250.2, SRDH2_34250.3, SRDH2_34250.9, SRDH2_34250.10, SRDH2_34250.11, SRDH2_34250.4, SRDH2_34250.5, SRDH2_34250.6, SRDH2_34250.7, SRDH2_34250.8
OG0002432	STRK1_59990.1	SRDH2_62320.1
OG0002433	STRK1_1830.1	SRDH2_19840.1
OG0002434	STRK1_35850.1, STRK1_35830.1	SRDH2_32460.1
OG0002435	STRK1_27400.1	SRDH2_29120.1, SRDH2_29120.4, SRDH2_29120.5, SRDH2_29120.2, SRDH2_29120.3
OG0002436	STRK1_20780.1, STRK1_20770.1	SRDH2_22530.1
OG0002437	STRK1_102030.1, STRK1_47030.1	SRDH2_53360.1, SRDH2_53360.4, SRDH2_53360.3, SRDH2_53360.2, SRDH2_53360.5
OG0002438	STRK1_34690.1	SRDH2_35370.1
OG0002439	STRK1_47140.1	SRDH2_53230.1, SRDH2_53230.4, SRDH2_53230.2, SRDH2_53230.3
OG0002440	STRK1_67000.1	SRDH2_71060.5, SRDH2_71060.1, SRDH2_71060.2, SRDH2_71060.3, SRDH2_71060.6, SRDH2_71060.7, SRDH2_71060.8, SRDH2_71060.4
OG0002441	STRK1_50150.1, STRK1_50150.2	SRDH2_49840.1, SRDH2_49840.3, SRDH2_49840.2
OG0002442	STRK1_37620.1	SRDH2_42880.1
OG0002443	STRK1_43270.1	SRDH2_45800.1
OG0002444	STRK1_56710.1, STRK1_95420.1	SRDH2_58740.1
OG0002445	STRK1_67020.1	SRDH2_71040.2, SRDH2_71040.4, SRDH2_71040.3, SRDH2_71040.1
OG0002446	STRK1_59580.1	SRDH2_64080.1
OG0002447	STRK1_7240.1	SRDH2_7600.3, SRDH2_7600.1, SRDH2_7600.2, SRDH2_7600.4, SRDH2_7600.5, SRDH2_7600.6
OG0002448	STRK1_105600.1, STRK1_31540.1	SRDH2_36330.5, SRDH2_36330.7, SRDH2_36330.2, SRDH2_36330.3, SRDH2_36330.4, SRDH2_36330.6, SRDH2_36330.1
OG0002449	STRK1_2550.1, STRK1_2550.2	SRDH2_18750.1
OG0002450	STRK1_62320.1, STRK1_62320.2	SRDH2_67540.1, SRDH2_67540.2
OG0002451	STRK1_69610.1	SRDH2_73890.5, SRDH2_73890.4, SRDH2_73890.3, SRDH2_73890.1, SRDH2_73890.2
OG0002452	STRK1_12980.1, STRK1_12980.2	SRDH2_8170.1, SRDH2_8170.2
OG0002453	STRK1_45150.1	SRDH2_47930.1
OG0002454	STRK1_64930.1	SRDH2_69050.6, SRDH2_69050.1, SRDH2_69050.2, SRDH2_69050.3, SRDH2_69050.4, SRDH2_69050.5, SRDH2_69050.7
OG0002455	STRK1_59040.1	SRDH2_66460.6, SRDH2_66460.7, SRDH2_66460.1, SRDH2_66460.3, SRDH2_66460.4, SRDH2_66460.2, SRDH2_66460.5
OG0002456	STRK1_34080.1	SRDH2_34760.1
OG0002457	STRK1_68750.1	SRDH2_74860.1
OG0002458	STRK1_81720.1	SRDH2_87220.1, SRDH2_87120.1, SRDH2_87300.1, SRDH2_87310.1, SRDH2_87070.1, SRDH2_87280.1, SRDH2_87050.1, SRDH2_87230.1, SRDH2_87260.1, SRDH2_87160.1, SRDH2_87060.1, SRDH2_87180.1, SRDH2_87360.1
OG0002459	STRK1_32900.1, STRK1_32900.2, STRK1_32900.3, STRK1_43320.1, STRK1_43330.1	SRDH2_32670.1, SRDH2_31990.1, SRDH2_31990.2
OG0002460	STRK1_12670.1	SRDH2_8520.1
OG0002461	STRK1_8810.1, STRK1_8810.2	SRDH2_9720.1, SRDH2_9690.1
OG0002462	STRK1_106030.1, STRK1_58700.1	SRDH2_67870.4, SRDH2_67870.1, SRDH2_67870.2, SRDH2_67870.3
OG0002463	STRK1_91770.1, STRK1_91780.1	SRDH2_85790.1, SRDH2_85790.2
OG0002464	STRK1_24340.1, STRK1_24350.1, STRK1_24350.2	SRDH2_28470.1
OG0002465	STRK1_80690.1	SRDH2_85170.1
OG0002466	STRK1_94680.1	SRDH2_97270.1
OG0002467	STRK1_100620.1	SRDH2_51520.1, SRDH2_51520.2
OG0002468	STRK1_75790.1	SRDH2_77690.1, SRDH2_77690.2, SRDH2_77690.3, SRDH2_77690.4, SRDH2_77690.5
OG0002469	STRK1_15810.1, STRK1_15810.2	SRDH2_4510.1, SRDH2_4510.3, SRDH2_4510.4, SRDH2_4510.2
OG0002470	STRK1_96760.1, STRK1_77310.1, STRK1_77310.2, STRK1_77320.1	SRDH2_81110.1, SRDH2_81110.3, SRDH2_81110.2
OG0002471	STRK1_74220.1, STRK1_74220.2	SRDH2_76720.1
OG0002472	STRK1_28260.1, STRK1_28260.2	SRDH2_34410.1, SRDH2_34410.2, SRDH2_34410.3, SRDH2_34410.4
OG0002473	STRK1_9180.1	SRDH2_10080.4, SRDH2_10080.5, SRDH2_10080.6, SRDH2_10080.1, SRDH2_10080.2, SRDH2_10080.3, SRDH2_10080.7
OG0002475	STRK1_98600.1	SRDH2_19220.1
OG0002476	STRK1_29100.1	SRDH2_31270.1, SRDH2_31270.2, SRDH2_31270.3, SRDH2_31270.4, SRDH2_31270.5, SRDH2_31270.6, SRDH2_31270.7
OG0002477	STRK1_110460.1	SRDH2_78380.6, SRDH2_78380.2, SRDH2_78380.5, SRDH2_78380.3, SRDH2_78380.4, SRDH2_78380.7, SRDH2_78380.8, SRDH2_78380.1
OG0002478	STRK1_52580.1, STRK1_52580.3, STRK1_52580.2, STRK1_52580.4	SRDH2_52240.1
OG0002479	STRK1_64090.1, STRK1_64090.2, STRK1_64090.3	SRDH2_64970.1
OG0002480	STRK1_23750.1	SRDH2_28300.3, SRDH2_28300.10, SRDH2_28300.2, SRDH2_28300.4, SRDH2_28300.5, SRDH2_28300.6, SRDH2_28300.7, SRDH2_28300.8, SRDH2_28300.9, SRDH2_28300.1
OG0002481	STRK1_3620.1, STRK1_3620.2	SRDH2_6130.1, SRDH2_6130.3, SRDH2_6130.2
OG0002482	STRK1_60890.1	SRDH2_63290.1
OG0002483	STRK1_18520.1	SRDH2_20700.1, SRDH2_20700.6, SRDH2_20700.7, SRDH2_20700.2, SRDH2_20700.3, SRDH2_20700.4, SRDH2_20700.5
OG0002484	STRK1_22260.1	SRDH2_24150.1, SRDH2_24150.2
OG0002485	STRK1_27700.1	SRDH2_38240.1
OG0002486	STRK1_22380.1	SRDH2_24240.1
OG0002487	STRK1_76520.1	SRDH2_82040.1
OG0002488	STRK1_48710.1	SRDH2_55830.1
OG0002489	STRK1_25420.1	SRDH2_27720.1, SRDH2_27720.2
OG0002490	STRK1_75550.1, STRK1_75550.2	SRDH2_76060.1
OG0002491	STRK1_93470.1	SRDH2_96300.4, SRDH2_96300.1, SRDH2_96300.3, SRDH2_96300.5, SRDH2_96300.2
OG0002492	STRK1_104010.1, STRK1_74230.1	SRDH2_76710.1
OG0002493	STRK1_63770.1	SRDH2_65310.2, SRDH2_65310.6, SRDH2_65310.1, SRDH2_65310.3, SRDH2_65310.4, SRDH2_65310.8, SRDH2_65310.7, SRDH2_65310.9, SRDH2_65310.5
OG0002494	STRK1_1060.1, STRK1_1060.2	SRDH2_1680.1
OG0002495	STRK1_5170.1	SRDH2_13410.1, SRDH2_13410.2
OG0002496	STRK1_96130.1, STRK1_103240.1, STRK1_103240.2, STRK1_99170.1	SRDH2_43150.1
OG0002497	STRK1_43370.1, STRK1_43380.1	SRDH2_46470.3, SRDH2_46470.2, SRDH2_46470.5, SRDH2_46470.4, SRDH2_46470.1, SRDH2_46470.6
OG0002498	STRK1_380.1	SRDH2_880.1
OG0002499	STRK1_49640.1, STRK1_49640.2, STRK1_49640.3	SRDH2_50350.1
OG0002500	STRK1_91350.5, STRK1_91350.4, STRK1_91350.1, STRK1_91350.2, STRK1_91350.3	SRDH2_230.1, SRDH2_230.2, SRDH2_230.3, SRDH2_230.4
OG0002501	STRK1_9120.1, STRK1_9120.2	SRDH2_10000.1
OG0002502	STRK1_53950.1	SRDH2_57120.1
OG0002503	STRK1_91750.4, STRK1_91750.1, STRK1_91750.5, STRK1_91750.2, STRK1_91750.6, STRK1_91750.8, STRK1_91750.3, STRK1_91750.7	SRDH2_85780.1, SRDH2_85780.2
OG0002504	STRK1_98480.1	SRDH2_24190.3, SRDH2_24190.4, SRDH2_24190.5, SRDH2_24190.6, SRDH2_24190.7, SRDH2_24190.1, SRDH2_24190.2
OG0002505	STRK1_51980.1, STRK1_51980.2	SRDH2_52550.1, SRDH2_52550.2
OG0002506	STRK1_27640.1	SRDH2_38290.1, SRDH2_38290.2
OG0002507	STRK1_80550.1, STRK1_80550.2	SRDH2_85000.1
OG0002508	STRK1_58800.1	SRDH2_65700.1, SRDH2_65700.2, SRDH2_65700.3, SRDH2_65700.4
OG0002509	STRK1_8750.1, STRK1_8750.2	SRDH2_9500.1, SRDH2_9500.2
OG0002510	STRK1_56140.1	SRDH2_59090.1, SRDH2_59020.1, SRDH2_59030.1
OG0002511	STRK1_70150.1, STRK1_70150.6, STRK1_70150.7, STRK1_70150.2, STRK1_70150.3, STRK1_70150.4, STRK1_70150.5, STRK1_70150.8	SRDH2_73330.1, SRDH2_73330.2, SRDH2_73330.3, SRDH2_73330.4
OG0002512	STRK1_63190.1	SRDH2_64460.1
OG0002514	STRK1_15060.1	SRDH2_16460.1
OG0002515	STRK1_41770.2, STRK1_41770.1, STRK1_41780.1, STRK1_41760.1, STRK1_41760.2	SRDH2_42160.3, SRDH2_42160.4, SRDH2_42160.2, SRDH2_42160.1
OG0002516	STRK1_71140.1	SRDH2_78590.1
OG0002517	STRK1_73620.1, STRK1_73620.2, STRK1_73620.3, STRK1_73620.5, STRK1_73620.4	SRDH2_76270.1, SRDH2_76270.5, SRDH2_76270.2, SRDH2_76270.3, SRDH2_76270.4
OG0002518	STRK1_101480.1	SRDH2_42970.1
OG0002519	STRK1_55850.1, STRK1_56110.1, STRK1_56180.1, STRK1_56190.1, STRK1_23510.1	SRDH2_100580.1, SRDH2_100590.1, SRDH2_59100.1, SRDH2_59100.2, SRDH2_59100.3
OG0002520	STRK1_103590.1, STRK1_97830.1, STRK1_97830.2	SRDH2_76510.5, SRDH2_76510.1, SRDH2_76510.3, SRDH2_76510.2, SRDH2_76510.4
OG0002521	STRK1_61080.1, STRK1_61090.1	SRDH2_68560.1
OG0002521	STRK1_61110.1, STRK1_61100.1, STRK1_61120.1	SRDH2_68570.1, SRDH2_68600.1
OG0002522	STRK1_22680.1	SRDH2_25880.1
OG0002526	STRK1_11700.1, STRK1_11700.2, STRK1_11700.3	SRDH2_12640.1
OG0002527	STRK1_39680.1	SRDH2_41860.1, SRDH2_41860.2, SRDH2_41860.3, SRDH2_41860.4, SRDH2_41860.5, SRDH2_41860.6, SRDH2_41860.7
OG0002528	STRK1_91150.1	SRDH2_97830.1, SRDH2_97830.2
OG0002529	STRK1_99180.1	SRDH2_56320.4, SRDH2_56320.1, SRDH2_56320.2, SRDH2_56320.3
OG0002530	STRK1_74420.1	SRDH2_76580.1, SRDH2_76580.2
OG0002530	STRK1_74410.1	SRDH2_76590.1
OG0002531	STRK1_25300.1	SRDH2_27860.1
OG0002532	STRK1_69420.1	SRDH2_74090.1, SRDH2_74090.2
OG0002533	STRK1_62620.1	SRDH2_65970.1, SRDH2_65970.2, SRDH2_65970.3, SRDH2_65970.4
OG0002534	STRK1_86660.1	SRDH2_92970.1
OG0002535	STRK1_36330.1	SRDH2_33060.1, SRDH2_33060.2, SRDH2_33060.3
OG0002536	STRK1_11660.1	SRDH2_12720.1
OG0002537	STRK1_80410.1, STRK1_80410.2, STRK1_80410.3	SRDH2_84850.4, SRDH2_84850.1, SRDH2_84850.3, SRDH2_84850.2
OG0002538	STRK1_60050.1	SRDH2_62380.3, SRDH2_62380.1, SRDH2_62380.4, SRDH2_62380.2
OG0002539	STRK1_26370.1	SRDH2_26810.4, SRDH2_26810.3, SRDH2_26810.2, SRDH2_26810.5, SRDH2_26810.1
OG0002540	STRK1_37180.1, STRK1_101080.1	SRDH2_39180.9, SRDH2_39180.8, SRDH2_39180.2, SRDH2_39180.4, SRDH2_39180.1, SRDH2_39180.3, SRDH2_39180.5, SRDH2_39180.7, SRDH2_39180.6
OG0002541	STRK1_55180.2, STRK1_55180.1, STRK1_55180.3	SRDH2_56650.1, SRDH2_56650.2, SRDH2_56650.3, SRDH2_56650.4
OG0002542	STRK1_85790.1	SRDH2_93370.2, SRDH2_93370.1, SRDH2_93370.3, SRDH2_93370.4
OG0002543	STRK1_36930.1	SRDH2_29320.1
OG0002544	STRK1_45730.1, STRK1_45730.2	SRDH2_48450.1
OG0002545	STRK1_22210.1	SRDH2_24120.2, SRDH2_24120.1, SRDH2_24120.4, SRDH2_24120.3
OG0002546	STRK1_2630.1, STRK1_2630.2	SRDH2_18680.1
OG0002547	STRK1_105720.1, STRK1_92550.1	SRDH2_99310.1, SRDH2_99310.2
OG0002548	STRK1_92070.1, STRK1_92070.3, STRK1_92070.2	SRDH2_96970.1, SRDH2_96970.2, SRDH2_96970.3
OG0002549	STRK1_23810.1, STRK1_23810.2, STRK1_23810.3, STRK1_23810.4	SRDH2_28200.1, SRDH2_28200.2
OG0002550	STRK1_44920.1, STRK1_44930.1	SRDH2_47650.3, SRDH2_47650.1, SRDH2_47650.2
OG0002551	STRK1_32600.1	SRDH2_31430.1, SRDH2_31440.1, SRDH2_31440.2, SRDH2_31440.3
OG0002552	STRK1_16000.1, STRK1_16000.2	SRDH2_4330.1, SRDH2_4330.2, SRDH2_4330.3, SRDH2_4330.4
OG0002553	STRK1_58530.1	SRDH2_68050.2, SRDH2_68050.4, SRDH2_68050.1
OG0002554	STRK1_57460.1	SRDH2_60470.1
OG0002555	STRK1_30740.1	SRDH2_33530.1
OG0002556	STRK1_18640.1	SRDH2_20760.5, SRDH2_20760.4, SRDH2_20760.6, SRDH2_20760.7, SRDH2_20790.1
OG0002557	STRK1_37500.1	SRDH2_42760.1
OG0002558	STRK1_16250.1	SRDH2_4080.1, SRDH2_4080.2, SRDH2_4080.3, SRDH2_4080.4, SRDH2_4080.5, SRDH2_4080.6, SRDH2_1050.1
OG0002559	STRK1_90960.1	SRDH2_24920.1, SRDH2_24920.2, SRDH2_24920.3
OG0002560	STRK1_84740.1	SRDH2_93740.1, SRDH2_93740.2
OG0002561	STRK1_8910.1	SRDH2_9750.1
OG0002562	STRK1_12020.1, STRK1_12020.2	SRDH2_9250.1, SRDH2_9250.2, SRDH2_9250.3
OG0002563	STRK1_60700.1, STRK1_60700.2, STRK1_60700.3	SRDH2_63070.1, SRDH2_63050.1, SRDH2_63060.1
OG0002564	STRK1_74650.1, STRK1_107450.1	SRDH2_79440.4, SRDH2_79440.3, SRDH2_79440.5, SRDH2_79440.6, SRDH2_79440.1, SRDH2_79440.7, SRDH2_79440.10, SRDH2_79440.9, SRDH2_79440.8, SRDH2_79440.2
OG0002565	STRK1_17730.1	SRDH2_2440.1
OG0002565	STRK1_17720.1	SRDH2_2430.1
OG0002566	STRK1_62210.1, STRK1_62180.1	SRDH2_67430.1
OG0002567	STRK1_36380.1, STRK1_36380.2	SRDH2_32960.1, SRDH2_32960.2, SRDH2_32960.3
OG0002568	STRK1_63860.1	SRDH2_65220.1, SRDH2_65220.3, SRDH2_65220.4, SRDH2_65220.2
OG0002569	STRK1_63490.2, STRK1_63490.3, STRK1_63490.1, STRK1_63490.4	SRDH2_66270.2, SRDH2_66270.1, SRDH2_66270.3
OG0002570	STRK1_32020.2, STRK1_32020.3, STRK1_32020.1	SRDH2_36840.1, SRDH2_36840.2
OG0002571	STRK1_38490.1, STRK1_38490.3, STRK1_38490.4, STRK1_38490.2	SRDH2_40470.1, SRDH2_40470.2, SRDH2_40470.3
OG0002572	STRK1_57140.1, STRK1_57140.2	SRDH2_60810.1, SRDH2_60810.2
OG0002574	STRK1_72110.1	SRDH2_77150.3, SRDH2_77150.2, SRDH2_77150.1
OG0002576	STRK1_76280.1, STRK1_102620.1, STRK1_109740.1	SRDH2_80580.1
OG0002577	STRK1_48930.1	SRDH2_55580.1, SRDH2_55560.1
OG0002578	STRK1_50000.1	SRDH2_50080.8, SRDH2_50080.6, SRDH2_50080.5, SRDH2_50080.7, SRDH2_50080.2, SRDH2_50080.4, SRDH2_50080.1, SRDH2_50080.3
OG0002579	STRK1_94440.1	SRDH2_97150.1
OG0002580	STRK1_56970.1	SRDH2_60980.3, SRDH2_60980.4, SRDH2_60980.1, SRDH2_60980.2
OG0002581	STRK1_61330.1	SRDH2_62160.1, SRDH2_62160.2
OG0002582	STRK1_35950.1, STRK1_35950.2, STRK1_35950.3, STRK1_35950.4	SRDH2_32600.1, SRDH2_32600.3, SRDH2_32600.2, SRDH2_32600.4
OG0002583	STRK1_84630.1	SRDH2_90610.1
OG0002584	STRK1_41380.1	SRDH2_39230.4, SRDH2_39230.5, SRDH2_39230.3, SRDH2_39230.6, SRDH2_39230.2, SRDH2_39230.1
OG0002585	STRK1_19510.1	SRDH2_21360.1
OG0002586	STRK1_3760.1, STRK1_3760.2	SRDH2_19470.6, SRDH2_19470.1, SRDH2_19470.2, SRDH2_19470.7, SRDH2_19470.8, SRDH2_19470.11, SRDH2_19470.4, SRDH2_19470.5, SRDH2_19470.9, SRDH2_19470.10, SRDH2_19470.3
OG0002587	STRK1_80610.1	SRDH2_85090.2, SRDH2_85090.1, SRDH2_85090.3
OG0002588	STRK1_60450.1	SRDH2_62760.1
OG0002589	STRK1_60270.1, STRK1_60270.2, STRK1_60270.3, STRK1_60270.4, STRK1_60270.5	SRDH2_62570.1, SRDH2_62570.2, SRDH2_62570.3, SRDH2_62570.4, SRDH2_62570.5, SRDH2_62570.6, SRDH2_62570.7, SRDH2_62570.9, SRDH2_62570.8
OG0002590	STRK1_72910.1, STRK1_72910.3, STRK1_72910.2	SRDH2_78340.1, SRDH2_78340.5, SRDH2_78340.6, SRDH2_78340.3, SRDH2_78340.4, SRDH2_78340.7, SRDH2_78340.8, SRDH2_78340.9, SRDH2_78340.2
OG0002591	STRK1_73200.1, STRK1_73200.2	SRDH2_80410.1
OG0002592	STRK1_97110.1, STRK1_97110.2, STRK1_106060.1, STRK1_106060.2	SRDH2_27910.2, SRDH2_27910.1, SRDH2_27910.3
OG0002593	STRK1_76570.1, STRK1_76570.2	SRDH2_82010.1
OG0002594	STRK1_76580.1, STRK1_76580.2, STRK1_76580.3	SRDH2_82000.1, SRDH2_82000.2
OG0002595	STRK1_50840.1	SRDH2_49180.4, SRDH2_49180.1, SRDH2_49180.3, SRDH2_49180.2
OG0002596	STRK1_76040.1, STRK1_76040.2	SRDH2_77940.1
OG0002597	STRK1_8310.1	SRDH2_14930.1
OG0002598	STRK1_27670.1	SRDH2_38270.1
OG0002599	STRK1_63010.3, STRK1_63010.2, STRK1_63010.1	SRDH2_69680.3, SRDH2_69680.1, SRDH2_69680.2
OG0002600	STRK1_102580.1	SRDH2_48260.4, SRDH2_48260.1, SRDH2_48260.2, SRDH2_48260.5, SRDH2_48260.3
OG0002601	STRK1_5670.1	SRDH2_13860.1
OG0002602	STRK1_19910.1, STRK1_19910.2, STRK1_104850.1	SRDH2_22940.1
OG0002603	STRK1_64280.1, STRK1_64280.2	SRDH2_64760.1
OG0002604	STRK1_17740.1	SRDH2_2450.4, SRDH2_2450.3, SRDH2_2450.1, SRDH2_2450.2, SRDH2_2450.5
OG0002605	STRK1_49800.1	SRDH2_50200.3, SRDH2_50200.1, SRDH2_50200.2
OG0002606	STRK1_82400.1, STRK1_82410.1, STRK1_82410.2, STRK1_82410.3, STRK1_82410.4, STRK1_82410.5	SRDH2_87930.1, SRDH2_87930.2, SRDH2_87930.4, SRDH2_87930.5, SRDH2_87930.6, SRDH2_87930.7, SRDH2_87930.3
OG0002607	STRK1_34680.1	SRDH2_35360.1, SRDH2_35360.3, SRDH2_35360.2
OG0002608	STRK1_51030.1, STRK1_51040.1	SRDH2_49010.1
OG0002609	STRK1_16360.1	SRDH2_3930.1
OG0002610	STRK1_74340.1, STRK1_37560.2, STRK1_37560.1	SRDH2_42820.1, SRDH2_42820.2
OG0002611	STRK1_14250.1	SRDH2_17370.5, SRDH2_17370.6, SRDH2_17370.1, SRDH2_17370.3, SRDH2_17370.4, SRDH2_17370.2
OG0002613	STRK1_67820.1	SRDH2_71270.1
OG0002614	STRK1_91340.1, STRK1_95030.1	SRDH2_260.1
OG0002615	STRK1_93780.1, STRK1_93780.2	SRDH2_85660.1, SRDH2_85660.2
OG0002616	STRK1_33770.1	SRDH2_37680.1
OG0002617	STRK1_104140.1	SRDH2_41240.1
OG0002618	STRK1_56760.1, STRK1_56730.1, STRK1_56780.1	SRDH2_58760.1, SRDH2_58750.1
OG0002619	STRK1_58130.1	SRDH2_61650.2, SRDH2_61650.3, SRDH2_61650.4, SRDH2_61650.1, SRDH2_61650.5, SRDH2_61650.7, SRDH2_61650.6, SRDH2_61650.8
OG0002620	STRK1_29730.1	SRDH2_30680.1, SRDH2_30680.2
OG0002621	STRK1_12550.1	SRDH2_8630.1
OG0002622	STRK1_53400.1, STRK1_53410.1, STRK1_53360.1, STRK1_53360.2	SRDH2_57940.1
OG0002623	STRK1_10610.1, STRK1_10610.3, STRK1_10610.2	SRDH2_11630.1, SRDH2_11630.2, SRDH2_11630.3
OG0002624	STRK1_14500.1	SRDH2_17080.6, SRDH2_17080.1, SRDH2_17080.2, SRDH2_17080.3, SRDH2_17080.5, SRDH2_17080.4
OG0002625	STRK1_30860.1	SRDH2_33610.1, SRDH2_33610.2, SRDH2_33610.3, SRDH2_33610.4, SRDH2_33610.5
OG0002626	STRK1_56160.1	SRDH2_59020.2, SRDH2_59050.1
OG0002627	STRK1_8400.1, STRK1_8400.2	SRDH2_15050.1
OG0002628	STRK1_41640.1	SRDH2_42020.1
OG0002629	STRK1_88670.1	SRDH2_94260.1
OG0002630	STRK1_12180.1	SRDH2_9060.1
OG0002631	STRK1_22980.1	SRDH2_25480.12, SRDH2_25480.9, SRDH2_25480.1, SRDH2_25480.13, SRDH2_25480.4, SRDH2_25480.6, SRDH2_25480.7, SRDH2_25480.8, SRDH2_25480.11, SRDH2_25480.10, SRDH2_25480.14, SRDH2_25480.3, SRDH2_25480.2, SRDH2_25480.5
OG0002632	STRK1_81890.1, STRK1_81890.2	SRDH2_23350.1
OG0002633	STRK1_38280.1	SRDH2_40080.1, SRDH2_40090.1
OG0002634	STRK1_23330.1	SRDH2_25310.1
OG0002635	STRK1_21820.1	SRDH2_23690.1
OG0002636	STRK1_78130.1	SRDH2_82250.1
OG0002637	STRK1_90180.1, STRK1_105500.1, STRK1_90190.1	SRDH2_97660.1
OG0002638	STRK1_51410.1	SRDH2_55090.1
OG0002639	STRK1_64880.1	SRDH2_69100.5, SRDH2_69100.3, SRDH2_69100.4, SRDH2_69100.1, SRDH2_69100.2
OG0002640	STRK1_9890.1	SRDH2_10930.1, SRDH2_10930.2
OG0002641	STRK1_51500.1	SRDH2_54540.3, SRDH2_54540.1, SRDH2_54540.2
OG0002642	STRK1_900.1	SRDH2_1500.1, SRDH2_1500.2
OG0002644	STRK1_65410.1, STRK1_65410.2	SRDH2_63500.1
OG0002645	STRK1_9310.4, STRK1_9310.2, STRK1_9310.1, STRK1_9310.3	SRDH2_10270.1
OG0002646	STRK1_25720.1	SRDH2_27450.1
OG0002647	STRK1_87940.1	SRDH2_91050.4, SRDH2_91050.1, SRDH2_91050.2, SRDH2_91050.3
OG0002648	STRK1_6070.1, STRK1_6070.2, STRK1_6070.3	SRDH2_6660.5, SRDH2_6660.6, SRDH2_6660.7, SRDH2_6660.1, SRDH2_6660.2, SRDH2_6660.3, SRDH2_6660.4, SRDH2_102130.1
OG0002649	STRK1_38550.1	SRDH2_95810.1, SRDH2_95850.1, SRDH2_40540.1
OG0002650	STRK1_12540.1, STRK1_12540.2	SRDH2_8640.1
OG0002651	STRK1_9940.1	SRDH2_10970.1, SRDH2_10970.2
OG0002652	STRK1_43100.1, STRK1_43110.1, STRK1_43120.1	SRDH2_45440.1
OG0002653	STRK1_99830.1	SRDH2_93540.2, SRDH2_93540.1
OG0002654	STRK1_78400.1	SRDH2_83320.2, SRDH2_83320.3, SRDH2_83320.1
OG0002655	STRK1_52930.1	SRDH2_56930.1, SRDH2_56930.2, SRDH2_56930.3, SRDH2_56930.4, SRDH2_56930.5
OG0002656	STRK1_19170.1	SRDH2_21110.1, SRDH2_21110.2
OG0002657	STRK1_15000.1	SRDH2_16540.1, SRDH2_16540.2
OG0002658	STRK1_30440.1	SRDH2_29870.1, SRDH2_29870.3, SRDH2_29870.4, SRDH2_29870.5, SRDH2_29870.6, SRDH2_29870.2
OG0002659	STRK1_58080.1	SRDH2_61610.4, SRDH2_61610.2, SRDH2_61610.3, SRDH2_61610.1
OG0002660	STRK1_17580.1	SRDH2_2670.1, SRDH2_2680.1
OG0002661	STRK1_83090.1, STRK1_83090.2, STRK1_63720.1, STRK1_63720.2	SRDH2_65380.1
OG0002662	STRK1_94180.1, STRK1_94180.2	SRDH2_85900.1
OG0002663	STRK1_81400.1, STRK1_97320.1	SRDH2_86700.1
OG0002664	STRK1_92350.1	SRDH2_99550.1
OG0002665	STRK1_48940.1	SRDH2_51020.1
OG0002666	STRK1_98790.1, STRK1_27830.1, STRK1_27830.2	SRDH2_38110.3, SRDH2_38110.2, SRDH2_38110.1
OG0002667	STRK1_25110.1, STRK1_25110.2	SRDH2_28010.1, SRDH2_28010.2, SRDH2_28010.3, SRDH2_28010.4, SRDH2_28010.5
OG0002668	STRK1_67350.1, STRK1_67350.2	SRDH2_70760.1
OG0002669	STRK1_85390.1	SRDH2_91780.1
OG0002670	STRK1_27370.1	SRDH2_29090.1, SRDH2_29090.2
OG0002671	STRK1_92050.1, STRK1_92050.2	SRDH2_96990.1, SRDH2_96990.2
OG0002672	STRK1_75220.1	SRDH2_75750.1, SRDH2_75750.2
OG0002673	STRK1_75340.1, STRK1_75340.2, STRK1_75340.3, STRK1_75340.4	SRDH2_75840.1
OG0002674	STRK1_23820.1	SRDH2_28180.1, SRDH2_28180.2
OG0002675	STRK1_9230.1	SRDH2_10160.4, SRDH2_10160.2, SRDH2_10160.3, SRDH2_10160.1
OG0002676	STRK1_108640.1, STRK1_95690.1	SRDH2_70550.1
OG0002677	STRK1_59490.1, STRK1_59490.2	SRDH2_64060.1, SRDH2_64060.2
OG0002678	STRK1_7330.1	SRDH2_7720.1
OG0002679	STRK1_77770.1	SRDH2_82650.1, SRDH2_82650.2
OG0002679	STRK1_77770.2	SRDH2_82650.3
OG0002680	STRK1_65090.1, STRK1_65090.2, STRK1_65090.3, STRK1_65090.4, STRK1_65090.5	SRDH2_68860.1, SRDH2_68860.2
OG0002681	STRK1_25370.1	SRDH2_27780.1, SRDH2_27780.2, SRDH2_27780.3, SRDH2_27780.4
OG0002683	STRK1_94460.1, STRK1_94460.2, STRK1_94460.3, STRK1_94460.4, STRK1_94460.5	SRDH2_97770.1, SRDH2_101340.1
OG0002684	STRK1_82680.1, STRK1_105170.1	SRDH2_21850.1
OG0002685	STRK1_15110.1, STRK1_15120.1	SRDH2_16420.1, SRDH2_16430.1
OG0002686	STRK1_51750.1	SRDH2_54800.1
OG0002687	STRK1_36640.1	SRDH2_29640.1, SRDH2_29640.2
OG0002688	STRK1_26730.1, STRK1_26740.1	SRDH2_26250.1, SRDH2_26260.1
OG0002689	STRK1_26770.1	SRDH2_26300.2, SRDH2_26300.1
OG0002690	STRK1_38980.1	SRDH2_41110.1, SRDH2_41110.4, SRDH2_41110.5, SRDH2_41110.8, SRDH2_41110.6, SRDH2_41110.2, SRDH2_41110.3, SRDH2_41110.7
OG0002691	STRK1_94270.1	SRDH2_85850.1, SRDH2_85850.3, SRDH2_85850.4, SRDH2_85850.2
OG0002692	STRK1_11870.1, STRK1_11870.2	SRDH2_15250.1, SRDH2_15250.3, SRDH2_15250.4, SRDH2_15250.2
OG0002693	STRK1_51070.1	SRDH2_48980.1
OG0002694	STRK1_94330.1, STRK1_94330.2, STRK1_94330.3, STRK1_94330.4, STRK1_94330.5, STRK1_94330.6, STRK1_94330.7	SRDH2_96700.1
OG0002695	STRK1_17130.1, STRK1_17130.2	SRDH2_3080.1
OG0002696	STRK1_35240.1	SRDH2_35890.1, SRDH2_35890.2, SRDH2_35890.3
OG0002698	STRK1_17810.1	SRDH2_2510.1, SRDH2_2510.2
OG0002699	STRK1_15310.7, STRK1_15310.1, STRK1_15310.2, STRK1_15310.3, STRK1_15310.4, STRK1_15310.5, STRK1_15310.6, STRK1_15310.8	SRDH2_5410.1, SRDH2_5410.2, SRDH2_5410.3, SRDH2_5410.5, SRDH2_5410.4
OG0002700	STRK1_90660.1, STRK1_90660.3, STRK1_90660.2	SRDH2_99840.1, SRDH2_99840.2, SRDH2_99840.3
OG0002701	STRK1_48440.1	SRDH2_56050.1
OG0002701	STRK1_48390.1	SRDH2_55990.1
OG0002702	STRK1_8030.1, STRK1_8030.2	SRDH2_14640.1
OG0002703	STRK1_48320.1, STRK1_48320.2, STRK1_48590.1, STRK1_48600.1	SRDH2_55930.2, SRDH2_55930.4, SRDH2_55930.3, SRDH2_55930.1
OG0002704	STRK1_89780.1	SRDH2_95370.1
OG0002704	STRK1_54290.1, STRK1_54290.2, STRK1_54300.1, STRK1_54300.2	SRDH2_57910.1
OG0002705	STRK1_53050.1, STRK1_53070.1	SRDH2_58280.1
OG0002705	STRK1_79080.1, STRK1_79090.1	SRDH2_58300.1, SRDH2_58300.2
OG0002708	STRK1_32370.1	SRDH2_31640.1, SRDH2_31640.2
OG0002709	STRK1_12860.1	SRDH2_8260.2, SRDH2_8260.1
OG0002710	STRK1_660.1, STRK1_660.2	SRDH2_1220.1
OG0002711	STRK1_88410.1, STRK1_88470.1, STRK1_88470.2	SRDH2_92170.3, SRDH2_92170.2, SRDH2_92170.1, SRDH2_92170.4
OG0002712	STRK1_15130.1, STRK1_15130.2	SRDH2_16390.1, SRDH2_16390.2
OG0002713	STRK1_45680.1, STRK1_108850.1	SRDH2_48540.1
OG0002714	STRK1_74610.1	SRDH2_79400.1, SRDH2_79400.2, SRDH2_79400.3, SRDH2_79400.4, SRDH2_79400.5
OG0002715	STRK1_59830.1	SRDH2_62180.1
OG0002716	STRK1_65610.1, STRK1_65630.1	SRDH2_68520.6, SRDH2_68520.4, SRDH2_68520.5, SRDH2_68520.2, SRDH2_68520.3, SRDH2_68520.1
OG0002717	STRK1_85750.1	SRDH2_93410.2, SRDH2_93410.5, SRDH2_93410.3, SRDH2_93410.4, SRDH2_93410.1
OG0002718	STRK1_63110.1, STRK1_63110.2	SRDH2_69580.3, SRDH2_69580.1, SRDH2_69580.2, SRDH2_69580.4
OG0002720	STRK1_6910.1, STRK1_6910.2	SRDH2_5250.1, SRDH2_5250.2, SRDH2_5250.3, SRDH2_5250.4
OG0002721	STRK1_91230.1, STRK1_91230.2, STRK1_91230.3, STRK1_91230.4	SRDH2_98430.1, SRDH2_98430.2, SRDH2_98430.3
OG0002722	STRK1_20680.1	SRDH2_22460.1
OG0002723	STRK1_78450.1	SRDH2_83260.1
OG0002724	STRK1_78570.1, STRK1_78580.1, STRK1_9350.1	SRDH2_84130.1
OG0002725	STRK1_15910.1	SRDH2_4430.1, SRDH2_4430.4, SRDH2_4430.5, SRDH2_4430.6, SRDH2_4430.3, SRDH2_4430.2
OG0002726	STRK1_29120.1	SRDH2_31250.1, SRDH2_31250.2, SRDH2_31250.4, SRDH2_31250.5, SRDH2_31250.6, SRDH2_31250.7, SRDH2_31250.8, SRDH2_31250.3
OG0002727	STRK1_75080.1	SRDH2_75600.1, SRDH2_75600.2
OG0002728	STRK1_12450.1	SRDH2_8760.1
OG0002729	STRK1_14920.1, STRK1_14920.2	SRDH2_16670.1
OG0002730	STRK1_78850.1, STRK1_103470.1, STRK1_105510.1, STRK1_96160.1	SRDH2_83100.1, SRDH2_83100.2
OG0002731	STRK1_106120.1, STRK1_98920.1, STRK1_44490.1	SRDH2_47110.1
OG0002732	STRK1_65040.2, STRK1_65040.1, STRK1_65040.3	SRDH2_68930.2, SRDH2_68930.3, SRDH2_68930.1, SRDH2_68930.5, SRDH2_68930.6, SRDH2_68930.4
OG0002733	STRK1_25100.1, STRK1_104310.1	SRDH2_24800.1
OG0002734	STRK1_37350.1, STRK1_37350.2	SRDH2_42610.1
OG0002735	STRK1_29030.1	SRDH2_31360.11, SRDH2_31360.2, SRDH2_31360.10, SRDH2_31360.9, SRDH2_31360.6, SRDH2_31360.4, SRDH2_31360.1, SRDH2_31360.3, SRDH2_31360.5, SRDH2_31360.7, SRDH2_31360.8
OG0002736	STRK1_25030.1, STRK1_25040.1	SRDH2_24770.1
OG0002737	STRK1_28440.1	SRDH2_34240.1
OG0002739	STRK1_8090.1	SRDH2_14730.1
OG0002740	STRK1_37940.1, STRK1_37940.2	SRDH2_39750.1, SRDH2_39750.2
OG0002741	STRK1_13660.1	SRDH2_17950.1, SRDH2_17950.2, SRDH2_17950.3, SRDH2_17950.4, SRDH2_17950.5
OG0002742	STRK1_69340.1	SRDH2_74240.2, SRDH2_74240.1, SRDH2_74240.6, SRDH2_74240.3, SRDH2_74240.4, SRDH2_74240.5
OG0002743	STRK1_108960.1, STRK1_41720.1	SRDH2_42200.4, SRDH2_42200.5, SRDH2_42200.3, SRDH2_42200.1, SRDH2_42200.2
OG0002744	STRK1_55930.1	SRDH2_59180.3, SRDH2_59180.1, SRDH2_59180.2
OG0002745	STRK1_89810.1	SRDH2_95330.1
OG0002746	STRK1_47930.1, STRK1_47920.1, STRK1_47920.2, STRK1_110580.1	SRDH2_55190.1, SRDH2_55190.2, SRDH2_55190.3
OG0002747	STRK1_24580.1	SRDH2_26160.1
OG0002748	STRK1_30460.1	SRDH2_32820.1
OG0002749	STRK1_45760.1, STRK1_45760.2	SRDH2_48480.2, SRDH2_48480.1
OG0002750	STRK1_45090.1	SRDH2_47870.1, SRDH2_47870.2, SRDH2_47870.3
OG0002751	STRK1_38250.1, STRK1_38250.2	SRDH2_40050.1, SRDH2_40050.2, SRDH2_40050.3, SRDH2_40050.4
OG0002752	STRK1_68090.1	SRDH2_72170.1
OG0002753	STRK1_82840.1	SRDH2_88320.1
OG0002754	STRK1_2990.1	SRDH2_16210.1
OG0002755	STRK1_16370.1, STRK1_16370.2, STRK1_16370.3, STRK1_16370.4	SRDH2_3940.1, SRDH2_3940.2
OG0002756	STRK1_55800.1	SRDH2_59730.1, SRDH2_59730.2, SRDH2_59730.3, SRDH2_59730.4
OG0002757	STRK1_31880.1	SRDH2_36700.1
OG0002758	STRK1_15260.1	SRDH2_5470.5, SRDH2_5470.1, SRDH2_5470.2, SRDH2_5470.3, SRDH2_5470.4
OG0002760	STRK1_16610.1, STRK1_16610.2	SRDH2_3640.1, SRDH2_3630.1, SRDH2_3630.2
OG0002761	STRK1_5830.2, STRK1_5830.1, STRK1_5830.3	SRDH2_6710.1
OG0002762	STRK1_92860.1, STRK1_92860.2, STRK1_92860.3	SRDH2_99090.1
OG0002763	STRK1_76220.1, STRK1_76220.2	SRDH2_80510.1
OG0002764	STRK1_32090.1	SRDH2_36910.1
OG0002765	STRK1_67010.1, STRK1_102380.1, STRK1_98030.1	SRDH2_71050.1
OG0002766	STRK1_100550.1, STRK1_100550.2, STRK1_100550.3, STRK1_100550.4, STRK1_71820.1, STRK1_71820.2, STRK1_71820.3, STRK1_71820.4	SRDH2_72640.1
OG0002767	STRK1_49810.1, STRK1_49810.2	SRDH2_50210.1
OG0002768	STRK1_1430.1	SRDH2_2280.1
OG0002769	STRK1_26530.1	SRDH2_26610.1
OG0002770	STRK1_4280.1	SRDH2_18490.1, SRDH2_18490.2, SRDH2_18490.3, SRDH2_18490.4, SRDH2_18490.5
OG0002771	STRK1_34960.1	SRDH2_35670.1
OG0002772	STRK1_106470.1	SRDH2_82900.3, SRDH2_82900.1, SRDH2_82900.4, SRDH2_82900.2
OG0002773	STRK1_14980.1	SRDH2_16560.1, SRDH2_16560.2, SRDH2_65370.1
OG0002774	STRK1_17340.1	SRDH2_2800.1, SRDH2_2800.2
OG0002775	STRK1_27580.1	SRDH2_36020.1, SRDH2_36020.2, SRDH2_36020.3
OG0002776	STRK1_73800.1, STRK1_105340.1	SRDH2_76480.1
OG0002777	STRK1_76050.1, STRK1_76050.2	SRDH2_77950.2, SRDH2_77950.1, SRDH2_77950.3, SRDH2_77950.4
OG0002778	STRK1_92700.1	SRDH2_98960.7, SRDH2_98960.8, SRDH2_98960.9, SRDH2_98960.1, SRDH2_98960.5, SRDH2_98960.2, SRDH2_98960.4, SRDH2_98960.3, SRDH2_98960.6
OG0002780	STRK1_45190.1, STRK1_45190.2	SRDH2_47980.2, SRDH2_47980.4, SRDH2_47980.1, SRDH2_47980.3
OG0002781	STRK1_26190.1, STRK1_26190.2	SRDH2_26990.1, SRDH2_26990.3, SRDH2_26990.2
OG0002782	STRK1_77590.1, STRK1_77580.1, STRK1_77690.1	SRDH2_80860.1
OG0002783	STRK1_45990.1, STRK1_45990.2	SRDH2_55130.4, SRDH2_55130.3, SRDH2_55130.2, SRDH2_55130.1, SRDH2_55130.5
OG0002784	STRK1_110670.1, STRK1_110680.1, STRK1_104360.1, STRK1_26520.1	SRDH2_26620.1
OG0002785	STRK1_69200.1	SRDH2_74430.1
OG0002786	STRK1_11900.1, STRK1_11900.2, STRK1_11900.3	SRDH2_15220.1
OG0002787	STRK1_6990.1, STRK1_6990.2, STRK1_6990.3	SRDH2_7290.1, SRDH2_7300.3, SRDH2_7300.2, SRDH2_7300.1
OG0002788	STRK1_110390.1, STRK1_10060.1, STRK1_103700.1, STRK1_110400.1	SRDH2_11020.1
OG0002789	STRK1_3940.1	SRDH2_19260.1
OG0002790	STRK1_72900.1	SRDH2_78350.1, SRDH2_78360.1
OG0002791	STRK1_17470.1	SRDH2_102450.2, SRDH2_102450.4, SRDH2_102450.1, SRDH2_102450.3, SRDH2_2740.1
OG0002792	STRK1_53630.1	SRDH2_57450.1, SRDH2_57450.3, SRDH2_57450.2
OG0002794	STRK1_92110.1	SRDH2_97070.1
OG0002795	STRK1_26270.1	SRDH2_26910.2, SRDH2_26910.4, SRDH2_26910.5, SRDH2_26910.6, SRDH2_26910.1, SRDH2_26910.3
OG0002796	STRK1_7850.1, STRK1_7850.2, STRK1_7850.3, STRK1_7850.4	SRDH2_14460.1, SRDH2_14460.4, SRDH2_14460.2, SRDH2_14460.3, SRDH2_14460.5, SRDH2_14460.6
OG0002797	STRK1_31200.1	SRDH2_34010.1
OG0002798	STRK1_75600.3, STRK1_75600.1, STRK1_75600.2	SRDH2_76100.1
OG0002799	STRK1_81300.1, STRK1_81280.1, STRK1_81270.1, STRK1_81290.1	SRDH2_86660.1
OG0002800	STRK1_76990.1, STRK1_76980.1	SRDH2_81570.1, SRDH2_81570.6, SRDH2_81570.3, SRDH2_81570.5, SRDH2_81570.2, SRDH2_81570.4
OG0002801	STRK1_6630.1	SRDH2_4980.1, SRDH2_4980.2, SRDH2_4980.3
OG0002802	STRK1_85190.1, STRK1_85200.1	SRDH2_91910.2, SRDH2_91910.3, SRDH2_91910.1
OG0002803	STRK1_26000.1	SRDH2_27160.1
OG0002804	STRK1_106900.1, STRK1_104040.1, STRK1_41170.1, STRK1_41180.1, STRK1_41190.1, STRK1_41200.1	SRDH2_39420.4, SRDH2_39420.1, SRDH2_39420.3, SRDH2_39420.2, SRDH2_39420.5
OG0002805	STRK1_53940.1	SRDH2_57130.7, SRDH2_57130.1, SRDH2_57130.2, SRDH2_57130.4, SRDH2_57130.5, SRDH2_57130.6, SRDH2_57130.8, SRDH2_57130.3
OG0002806	STRK1_68770.1	SRDH2_74830.1
OG0002807	STRK1_18760.1, STRK1_18770.1	SRDH2_20940.1
OG0002808	STRK1_65250.1	SRDH2_63650.3, SRDH2_63650.1, SRDH2_63650.2
OG0002809	STRK1_79660.1	SRDH2_83920.1
OG0002810	STRK1_35740.1	SRDH2_32380.1, SRDH2_32380.2, SRDH2_32380.3
OG0002811	STRK1_100480.1, STRK1_110950.1	SRDH2_22220.1
OG0002812	STRK1_79280.1, STRK1_79290.1	SRDH2_88740.1, SRDH2_88740.2
OG0002813	STRK1_106870.1, STRK1_74930.1	SRDH2_79750.1, SRDH2_79750.2, SRDH2_79750.5, SRDH2_79750.6, SRDH2_79750.8, SRDH2_79750.10, SRDH2_79750.11, SRDH2_79750.3, SRDH2_79750.4, SRDH2_79750.7, SRDH2_79750.9
OG0002814	STRK1_22190.1, STRK1_22190.2	SRDH2_24080.1, SRDH2_24080.2, SRDH2_24080.3, SRDH2_24080.4, SRDH2_24080.5, SRDH2_24080.6, SRDH2_24080.7, SRDH2_24080.9, SRDH2_24080.8
OG0002815	STRK1_63950.1	SRDH2_65070.1, SRDH2_65090.1, SRDH2_65030.1
OG0002816	STRK1_17680.1	SRDH2_19980.1
OG0002817	STRK1_33760.1	SRDH2_37670.1
OG0002818	STRK1_72200.1	SRDH2_77240.1
OG0002819	STRK1_66570.3, STRK1_66570.1, STRK1_66570.2	SRDH2_70530.1, SRDH2_70530.2
OG0002820	STRK1_74440.1	SRDH2_76550.1
OG0002821	STRK1_15990.1	SRDH2_4340.1
OG0002822	STRK1_9190.1	SRDH2_10100.1, SRDH2_10100.2
OG0002823	STRK1_4680.1	SRDH2_15610.3, SRDH2_15610.1, SRDH2_15610.2
OG0002824	STRK1_1660.1, STRK1_1670.1	SRDH2_1960.2, SRDH2_1960.3, SRDH2_1960.1, SRDH2_1960.4, SRDH2_1960.5
OG0002825	STRK1_50500.1, STRK1_50500.2	SRDH2_49450.1, SRDH2_49450.2
OG0002826	STRK1_38910.1	SRDH2_41020.1
OG0002827	STRK1_25510.1, STRK1_25510.2, STRK1_25510.3, STRK1_25510.4, STRK1_25510.5, STRK1_25510.6	SRDH2_27670.5, SRDH2_27670.1, SRDH2_27670.2, SRDH2_27670.3, SRDH2_27670.4
OG0002828	STRK1_24360.1	SRDH2_28490.1
OG0002829	STRK1_59940.1	SRDH2_62270.4, SRDH2_62270.5, SRDH2_62270.1, SRDH2_62270.3, SRDH2_62270.2
OG0002830	STRK1_22120.1	SRDH2_24040.1
OG0002831	STRK1_2910.1, STRK1_96310.1	SRDH2_16130.3, SRDH2_16130.4, SRDH2_16130.2, SRDH2_16130.1
OG0002832	STRK1_78690.1, STRK1_102340.1	SRDH2_83510.1, SRDH2_83510.2
OG0002833	STRK1_53090.1, STRK1_53090.2	SRDH2_58260.1
OG0002834	STRK1_16580.1, STRK1_16580.3, STRK1_16580.5, STRK1_16580.6, STRK1_16580.7, STRK1_16580.2, STRK1_16580.4	SRDH2_3660.1
OG0002835	STRK1_88790.1, STRK1_97640.1	SRDH2_94370.1, SRDH2_94370.3, SRDH2_94370.2
OG0002836	STRK1_22570.1, STRK1_22570.2	SRDH2_25990.1, SRDH2_25990.2
OG0002837	STRK1_2920.1	SRDH2_16140.1, SRDH2_16140.3, SRDH2_16140.4, SRDH2_16140.2, SRDH2_16140.5
OG0002838	STRK1_11420.1, STRK1_11420.2, STRK1_11420.3	SRDH2_13020.1
OG0002839	STRK1_69350.1	SRDH2_74230.1
OG0002840	STRK1_87010.1, STRK1_87010.2	SRDH2_94140.4, SRDH2_94140.5, SRDH2_94140.1, SRDH2_94140.2, SRDH2_94140.3
OG0002841	STRK1_107070.1, STRK1_52090.1	SRDH2_51760.1
OG0002842	STRK1_69560.1	SRDH2_73940.1
OG0002843	STRK1_26600.1, STRK1_26600.2	SRDH2_26540.1
OG0002844	STRK1_60900.1, STRK1_60900.2	SRDH2_68540.1
OG0002845	STRK1_10190.1	SRDH2_11260.1
OG0002846	STRK1_17980.1, STRK1_17980.2	SRDH2_20200.2, SRDH2_20200.1, SRDH2_20200.3
OG0002847	STRK1_55940.1	SRDH2_59190.3, SRDH2_59190.2, SRDH2_59190.1, SRDH2_59190.4, SRDH2_59190.5, SRDH2_59190.6, SRDH2_59190.7
OG0002848	STRK1_60470.1, STRK1_60470.2, STRK1_60470.3	SRDH2_62780.1
OG0002849	STRK1_11590.1, STRK1_11590.2, STRK1_11590.4, STRK1_11590.3	SRDH2_12940.1
OG0002850	STRK1_61920.1, STRK1_61920.2, STRK1_61920.3	SRDH2_67140.1
OG0002851	STRK1_86590.1	SRDH2_93050.1
OG0002852	STRK1_11510.1	SRDH2_12810.1
OG0002853	STRK1_71680.1, STRK1_71680.2, STRK1_71680.3, STRK1_71680.4, STRK1_71680.5	SRDH2_75040.1
OG0002854	STRK1_35530.1, STRK1_35530.2	SRDH2_32180.1
OG0002855	STRK1_14030.1, STRK1_14030.3, STRK1_14030.5, STRK1_14030.4, STRK1_14030.2	SRDH2_17570.1
OG0002856	STRK1_94300.1, STRK1_94300.2, STRK1_47730.1, STRK1_47730.2, STRK1_47730.3	SRDH2_52670.1, SRDH2_52670.4, SRDH2_52670.2, SRDH2_52670.3, SRDH2_52670.5, SRDH2_52670.6
OG0002857	STRK1_64350.1, STRK1_64350.2	SRDH2_64660.1, SRDH2_64650.1
OG0002858	STRK1_9400.1	SRDH2_10350.1, SRDH2_10350.2, SRDH2_10350.3
OG0002859	STRK1_59310.1, STRK1_59310.2	SRDH2_64300.1
OG0002860	STRK1_74550.1	SRDH2_79330.1
OG0002861	STRK1_88110.1, STRK1_97210.1	SRDH2_90840.2, SRDH2_90840.1, SRDH2_90840.3
OG0002862	STRK1_62350.1	SRDH2_67590.1
OG0002863	STRK1_13810.1	SRDH2_17830.1
OG0002863	STRK1_13800.1	SRDH2_17840.1
OG0002864	STRK1_98110.2, STRK1_98110.1, STRK1_98110.3, STRK1_51710.3, STRK1_51710.6, STRK1_51710.4, STRK1_51710.8, STRK1_51710.1, STRK1_51710.7, STRK1_51710.2, STRK1_51710.5	SRDH2_54760.2, SRDH2_54760.1
OG0002865	STRK1_10020.1	SRDH2_11080.1, SRDH2_11070.1
OG0002866	STRK1_30540.1	SRDH2_33350.1
OG0002867	STRK1_16430.1	SRDH2_3870.1
OG0002868	STRK1_98750.1, STRK1_98750.2, STRK1_98860.1, STRK1_98850.1, STRK1_98850.2	SRDH2_90280.1, SRDH2_90280.2
OG0002869	STRK1_1560.1	SRDH2_2100.1
OG0002870	STRK1_45480.1	SRDH2_48290.1
OG0002871	STRK1_43170.1, STRK1_43170.2	SRDH2_45410.1
OG0002872	STRK1_49630.1	SRDH2_50360.1
OG0002873	STRK1_89190.1	SRDH2_94840.1
OG0002874	STRK1_37970.1	SRDH2_39790.3, SRDH2_39790.1, SRDH2_39790.2
OG0002875	STRK1_52490.1	SRDH2_52100.1
OG0002876	STRK1_68830.1	SRDH2_74780.1
OG0002877	STRK1_59890.1, STRK1_59890.2	SRDH2_62220.2, SRDH2_62220.3, SRDH2_62220.1, SRDH2_62220.4, SRDH2_62220.5
OG0002878	STRK1_63650.1	SRDH2_65450.1
OG0002879	STRK1_4190.1	SRDH2_18410.1
OG0002880	STRK1_20420.1, STRK1_20420.2	SRDH2_22160.1
OG0002881	STRK1_57150.1, STRK1_57150.4, STRK1_57150.2, STRK1_57150.3	SRDH2_60800.1
OG0002882	STRK1_2520.1	SRDH2_18780.1
OG0002882	STRK1_2510.1	SRDH2_18790.1, SRDH2_18790.2
OG0002883	STRK1_52550.1, STRK1_52550.2	SRDH2_52210.1
OG0002884	STRK1_62160.1	SRDH2_67410.1
OG0002885	STRK1_44820.1, STRK1_44820.2	SRDH2_47530.3, SRDH2_47530.1, SRDH2_47530.2
OG0002886	STRK1_75750.1, STRK1_75750.2, STRK1_75750.3, STRK1_75750.4	SRDH2_76240.1, SRDH2_76240.2
OG0002889	STRK1_79360.3, STRK1_79360.1, STRK1_79360.2	SRDH2_84370.1
OG0002890	STRK1_23910.1	SRDH2_28090.1, SRDH2_28090.2, SRDH2_28090.3
OG0002892	STRK1_110900.1, STRK1_105380.1, STRK1_105380.2, STRK1_72940.1, STRK1_105370.1, STRK1_72960.1, STRK1_72950.1	SRDH2_78290.1, SRDH2_78300.1, SRDH2_78300.2
OG0002893	STRK1_105480.1, STRK1_105480.2, STRK1_105480.3, STRK1_105480.4	SRDH2_8660.1
OG0002894	STRK1_79370.1, STRK1_79370.2, STRK1_104260.1, STRK1_104280.1, STRK1_104270.1	SRDH2_84360.1, SRDH2_84360.2
OG0002895	STRK1_94770.1	SRDH2_97190.1
OG0002895	STRK1_93330.1	SRDH2_98550.1, SRDH2_98550.2, SRDH2_98550.3
OG0002896	STRK1_24270.1, STRK1_100340.1, STRK1_24270.2, STRK1_24270.3	SRDH2_25060.1
OG0002897	STRK1_23110.5, STRK1_23110.1, STRK1_23110.3, STRK1_23110.2, STRK1_23110.4	SRDH2_25580.1
OG0002902	STRK1_37720.1	SRDH2_39460.1, SRDH2_39460.2, SRDH2_39460.3
OG0002903	STRK1_69620.1, STRK1_69620.2, STRK1_69620.3	SRDH2_73880.1
OG0002904	STRK1_20440.1	SRDH2_22390.1
OG0002905	STRK1_104060.1, STRK1_106570.1	SRDH2_69820.1, SRDH2_69820.2
OG0002906	STRK1_36850.1	SRDH2_29410.1, SRDH2_29410.2
OG0002907	STRK1_15240.1	SRDH2_5490.1, SRDH2_5490.2
OG0002908	STRK1_66480.1, STRK1_103670.1, STRK1_103670.2	SRDH2_70560.1
OG0002909	STRK1_78640.1	SRDH2_83470.1
OG0002910	STRK1_2260.1	SRDH2_19010.10, SRDH2_19010.6, SRDH2_19010.5, SRDH2_19010.8, SRDH2_19010.4, SRDH2_19010.7, SRDH2_19010.3, SRDH2_19010.2, SRDH2_19010.9
OG0002911	STRK1_4740.1, STRK1_4740.2, STRK1_4740.4, STRK1_4740.3	SRDH2_15530.1, SRDH2_15530.2, SRDH2_15530.3, SRDH2_15530.4
OG0002912	STRK1_61910.3, STRK1_61910.1, STRK1_61910.2	SRDH2_67130.1
OG0002914	STRK1_14620.1, STRK1_14620.2, STRK1_14620.3, STRK1_14620.4	SRDH2_16920.1, SRDH2_16920.2, SRDH2_16920.3
OG0002915	STRK1_99900.1, STRK1_74580.1, STRK1_74580.2	SRDH2_79360.1
OG0002916	STRK1_13750.1	SRDH2_17890.1
OG0002917	STRK1_21270.1, STRK1_21270.2, STRK1_21270.3	SRDH2_23290.1, SRDH2_23290.2
OG0002918	STRK1_78630.1, STRK1_97130.1	SRDH2_83480.4, SRDH2_83480.1, SRDH2_83480.6, SRDH2_83480.3, SRDH2_83480.2
OG0002919	STRK1_83730.1, STRK1_96320.1	SRDH2_89220.1, SRDH2_88490.1, SRDH2_88480.1
OG0002920	STRK1_40970.1	SRDH2_43260.1, SRDH2_43260.3, SRDH2_43260.4, SRDH2_43260.5, SRDH2_43260.2
OG0002921	STRK1_93420.1, STRK1_93420.2	SRDH2_98400.1, SRDH2_98400.2
OG0002922	STRK1_72880.1	SRDH2_78370.1
OG0002923	STRK1_60070.1, STRK1_60060.1, STRK1_60080.1, STRK1_55370.1, STRK1_95100.1	SRDH2_62390.1
OG0002924	STRK1_5520.1, STRK1_5520.2	SRDH2_13740.1, SRDH2_13710.1, SRDH2_13710.2
OG0002925	STRK1_7880.1, STRK1_7880.2	SRDH2_14490.2, SRDH2_14490.1, SRDH2_14490.4, SRDH2_14490.5, SRDH2_14490.3
OG0002926	STRK1_27800.1	SRDH2_38140.1
OG0002927	STRK1_9080.1	SRDH2_9930.1
OG0002928	STRK1_70850.1	SRDH2_76790.1, SRDH2_76790.8, SRDH2_76790.9, SRDH2_76790.5, SRDH2_76790.7, SRDH2_76790.6, SRDH2_76790.2, SRDH2_76790.3, SRDH2_76790.4
OG0002929	STRK1_21070.1, STRK1_21070.2, STRK1_21060.1, STRK1_98440.1	SRDH2_21830.1
OG0002930	STRK1_38690.1	SRDH2_40750.1
OG0002931	STRK1_1650.1	SRDH2_1970.3, SRDH2_1970.4, SRDH2_1970.1, SRDH2_1970.2, SRDH2_1970.5
OG0002932	STRK1_42420.1	SRDH2_45300.1
OG0002932	STRK1_42400.1, STRK1_88480.1	SRDH2_45290.1, SRDH2_45290.2
OG0002933	STRK1_38470.1, STRK1_38480.1	SRDH2_40460.1
OG0002934	STRK1_94920.4, STRK1_94920.7, STRK1_94920.1, STRK1_94920.3, STRK1_94920.6, STRK1_94920.2, STRK1_94920.5	SRDH2_96550.2, SRDH2_96550.1
OG0002935	STRK1_96520.1	SRDH2_66310.1, SRDH2_66310.2
OG0002936	STRK1_44750.1	SRDH2_47470.1, SRDH2_47470.4, SRDH2_47470.3, SRDH2_47470.5, SRDH2_47470.2
OG0002937	STRK1_28560.1	SRDH2_39030.1, SRDH2_39030.2, SRDH2_39030.3
OG0002938	STRK1_77370.1	SRDH2_81090.1
OG0002939	STRK1_8450.1, STRK1_8450.2	SRDH2_15100.1
OG0002940	STRK1_51230.1	SRDH2_48820.1, SRDH2_48820.2
OG0002941	STRK1_96620.1, STRK1_96610.1	SRDH2_56070.1
OG0002941	STRK1_48460.1	SRDH2_56080.1
OG0002942	STRK1_73250.1	SRDH2_80350.1
OG0002942	STRK1_73260.1	SRDH2_80340.1
OG0002943	STRK1_73230.1	SRDH2_80370.1
OG0002944	STRK1_13670.1	SRDH2_17940.1, SRDH2_17940.2, SRDH2_17940.3, SRDH2_17940.6, SRDH2_17940.4, SRDH2_17940.5
OG0002945	STRK1_74890.1	SRDH2_79700.2, SRDH2_79700.5, SRDH2_79700.1, SRDH2_79700.3, SRDH2_79700.4, SRDH2_79700.6, SRDH2_79700.7
OG0002946	STRK1_2080.1, STRK1_2080.2	SRDH2_19160.1, SRDH2_19160.2
OG0002947	STRK1_88560.1, STRK1_108130.1	SRDH2_93220.1
OG0002948	STRK1_61340.1	SRDH2_62150.1
OG0002949	STRK1_27550.1	SRDH2_36040.5, SRDH2_36040.6, SRDH2_36040.4, SRDH2_36040.3, SRDH2_36040.1, SRDH2_36040.2
OG0002950	STRK1_67980.1	SRDH2_72300.1, SRDH2_72300.2, SRDH2_72300.3
OG0002951	STRK1_33170.1, STRK1_33170.2, STRK1_33170.3, STRK1_33170.4, STRK1_33170.5, STRK1_33170.6, STRK1_33170.7, STRK1_33170.8	SRDH2_37140.1, SRDH2_37140.2, SRDH2_37140.3, SRDH2_37140.4, SRDH2_37140.5
OG0002952	STRK1_48480.1, STRK1_48480.2, STRK1_48480.3	SRDH2_51440.1, SRDH2_51440.2
OG0002953	STRK1_16820.1	SRDH2_3370.1
OG0002954	STRK1_58090.1	SRDH2_61620.1, SRDH2_61620.2
OG0002955	STRK1_72720.2, STRK1_72720.1, STRK1_75050.1, STRK1_75050.2	SRDH2_75570.1, SRDH2_75570.2, SRDH2_75570.3, SRDH2_75570.4
OG0002956	STRK1_90840.1	SRDH2_98130.1
OG0002957	STRK1_68110.1	SRDH2_72190.1, SRDH2_72190.3, SRDH2_72190.2
OG0002958	STRK1_64630.1, STRK1_64630.2	SRDH2_69330.1, SRDH2_69330.2
OG0002959	STRK1_84900.1	SRDH2_90300.1, SRDH2_90300.2, SRDH2_90300.3
OG0002960	STRK1_97600.1	SRDH2_49430.1
OG0002961	STRK1_3860.1	SRDH2_19590.1
OG0002962	STRK1_62900.1	SRDH2_69790.1
OG0002963	STRK1_11330.1	SRDH2_101280.1, SRDH2_101280.2, SRDH2_13110.1, SRDH2_101840.1
OG0002964	STRK1_23030.1	SRDH2_25530.1
OG0002965	STRK1_89560.1, STRK1_89580.1	SRDH2_95600.1
OG0002966	STRK1_99300.1, STRK1_40040.1, STRK1_107300.1	SRDH2_44170.2, SRDH2_44170.3, SRDH2_44170.1, SRDH2_44170.4
OG0002967	STRK1_60370.1	SRDH2_62670.1, SRDH2_62670.3, SRDH2_62670.2
OG0002968	STRK1_1870.1, STRK1_1870.2	SRDH2_19780.1, SRDH2_19790.1, SRDH2_19790.2, SRDH2_19790.3
OG0002969	STRK1_47080.1, STRK1_97540.1	SRDH2_53300.1
OG0002970	STRK1_9330.1, STRK1_9340.1	SRDH2_10250.5, SRDH2_10250.2, SRDH2_10250.4, SRDH2_10250.1, SRDH2_10250.3
OG0002971	STRK1_64450.1	SRDH2_64550.3, SRDH2_64550.1, SRDH2_64550.2
OG0002972	STRK1_65580.1	SRDH2_63310.15, SRDH2_63310.16, SRDH2_63310.17
OG0002973	STRK1_50770.1	SRDH2_49260.2, SRDH2_49260.3, SRDH2_49260.1
OG0002974	STRK1_27850.1, STRK1_27860.1	SRDH2_38090.1, SRDH2_38090.2, SRDH2_38090.3
OG0002975	STRK1_32790.1	SRDH2_32060.2, SRDH2_32060.3, SRDH2_32060.4, SRDH2_32060.1
OG0002976	STRK1_63970.1	SRDH2_65110.1, SRDH2_65110.2
OG0002977	STRK1_12960.1	SRDH2_8190.1, SRDH2_8190.2, SRDH2_8190.3, SRDH2_8190.4
OG0002979	STRK1_20060.1, STRK1_20060.2	SRDH2_23200.1, SRDH2_23190.5, SRDH2_23190.3, SRDH2_23190.4
OG0002980	STRK1_36610.1, STRK1_100270.1	SRDH2_29730.1
OG0002981	STRK1_72010.1	SRDH2_77050.3, SRDH2_77050.1, SRDH2_77050.2
OG0002982	STRK1_51610.1	SRDH2_54650.2, SRDH2_54650.3, SRDH2_54650.1
OG0002983	STRK1_23550.1	SRDH2_25090.1, SRDH2_25090.2
OG0002984	STRK1_8100.1, STRK1_8100.2	SRDH2_14710.1, SRDH2_14740.1
OG0002985	STRK1_1480.1	SRDH2_2200.1
OG0002986	STRK1_9420.1	SRDH2_10370.4, SRDH2_10370.1, SRDH2_10370.3, SRDH2_10370.2, SRDH2_10370.5
OG0002988	STRK1_92260.1	SRDH2_96360.1, SRDH2_96360.2
OG0002989	STRK1_101630.1, STRK1_49780.1	SRDH2_50180.1
OG0002990	STRK1_78770.1, STRK1_97170.1, STRK1_78800.1	SRDH2_83140.1, SRDH2_83140.2, SRDH2_83140.3, SRDH2_83140.4, SRDH2_83140.5
OG0002991	STRK1_31770.1	SRDH2_36570.1
OG0002992	STRK1_75860.1, STRK1_75870.1	SRDH2_77760.4, SRDH2_77760.1, SRDH2_77760.3, SRDH2_77760.2
OG0002993	STRK1_41930.1, STRK1_41920.1, STRK1_81170.1, STRK1_81160.1	SRDH2_86510.1, SRDH2_86510.2
OG0002994	STRK1_1890.1	SRDH2_19760.6, SRDH2_19760.2, SRDH2_19760.1, SRDH2_19760.3, SRDH2_19760.4, SRDH2_19760.5
OG0002995	STRK1_99310.1, STRK1_87490.1	SRDH2_93750.1
OG0002996	STRK1_4780.1, STRK1_4780.2, STRK1_4780.3, STRK1_4780.4	SRDH2_15440.1
OG0002997	STRK1_35350.1	SRDH2_38340.1
OG0002998	STRK1_42810.1	SRDH2_44830.3, SRDH2_44830.4, SRDH2_44830.2, SRDH2_44830.1
OG0002999	STRK1_61470.1	SRDH2_62000.1
OG0003000	STRK1_25740.1	SRDH2_27420.1
OG0003001	STRK1_25820.1, STRK1_25830.1	SRDH2_27370.1
OG0003002	STRK1_5430.1, STRK1_5430.2, STRK1_5430.3, STRK1_5430.4	SRDH2_20040.1
OG0003003	STRK1_92120.1	SRDH2_97080.1
OG0003004	STRK1_107670.1, STRK1_71930.1	SRDH2_76950.5, SRDH2_76950.1, SRDH2_76950.2, SRDH2_76950.3, SRDH2_76950.4
OG0003005	STRK1_46090.1, STRK1_46090.2, STRK1_46090.3	SRDH2_54910.2, SRDH2_54910.3, SRDH2_54910.1, SRDH2_54910.4
OG0003006	STRK1_82100.1	SRDH2_88090.1
OG0003007	STRK1_60400.1	SRDH2_62700.2, SRDH2_62700.5, SRDH2_62700.1, SRDH2_62700.3, SRDH2_62700.4
OG0003008	STRK1_31730.1, STRK1_31730.4, STRK1_31730.5, STRK1_31730.2, STRK1_31730.3	SRDH2_36530.1
OG0003009	STRK1_6130.1	SRDH2_6590.1
OG0003010	STRK1_68700.1	SRDH2_74910.1
OG0003011	STRK1_29670.1	SRDH2_30730.1, SRDH2_30730.2, SRDH2_30730.3, SRDH2_30730.4
OG0003012	STRK1_60770.1	SRDH2_63150.1, SRDH2_63150.2, SRDH2_63150.3
OG0003013	STRK1_72380.1	SRDH2_80220.1, SRDH2_80220.6, SRDH2_80220.7, SRDH2_80220.2, SRDH2_80220.4, SRDH2_80220.5, SRDH2_80220.3
OG0003014	STRK1_81370.1	SRDH2_86720.1
OG0003015	STRK1_40560.1, STRK1_40560.2, STRK1_40560.3	SRDH2_43650.1
OG0003016	STRK1_73360.1	SRDH2_77430.1
OG0003017	STRK1_48570.1	SRDH2_51000.1, SRDH2_51000.2, SRDH2_51000.3, SRDH2_51000.4, SRDH2_51000.5
OG0003018	STRK1_91050.1	SRDH2_97910.1
OG0003019	STRK1_73750.2, STRK1_73750.1, STRK1_73750.3	SRDH2_76410.1, SRDH2_76410.2
OG0003020	STRK1_27450.1	SRDH2_29170.1
OG0003021	STRK1_81350.1, STRK1_108350.1, STRK1_98370.1, STRK1_81120.1	SRDH2_86750.1
OG0003022	STRK1_23340.1	SRDH2_25300.1, SRDH2_25300.2
OG0003023	STRK1_81450.1, STRK1_81450.2, STRK1_81460.1, STRK1_81480.1, STRK1_81480.2	SRDH2_86670.1, SRDH2_86670.2
OG0003024	STRK1_74940.1	SRDH2_79760.1
OG0003025	STRK1_97040.1	SRDH2_37930.1
OG0003026	STRK1_34440.1, STRK1_34440.2, STRK1_34440.3, STRK1_34440.4, STRK1_34440.5	SRDH2_35130.1
OG0003027	STRK1_17650.1, STRK1_17650.2	SRDH2_17170.1, SRDH2_17170.2, SRDH2_17160.1
OG0003028	STRK1_9460.1, STRK1_9460.2, STRK1_9460.3, STRK1_9460.4, STRK1_9460.5	SRDH2_10410.1, SRDH2_10400.1
OG0003029	STRK1_79460.1, STRK1_79460.2	SRDH2_84170.1, SRDH2_84170.2, SRDH2_84170.3
OG0003030	STRK1_17670.1	SRDH2_19990.1
OG0003031	STRK1_111380.1, STRK1_111380.2, STRK1_111380.3	SRDH2_68200.2, SRDH2_68200.1, SRDH2_68200.3
OG0003032	STRK1_57380.1	SRDH2_60540.1
OG0003033	STRK1_44900.1	SRDH2_47620.1
OG0003034	STRK1_80200.1	SRDH2_84650.4, SRDH2_84650.1, SRDH2_84650.2, SRDH2_84650.3
OG0003036	STRK1_81520.1	SRDH2_86840.1, SRDH2_86840.2
OG0003037	STRK1_110350.1, STRK1_109190.1, STRK1_110360.1, STRK1_97560.2, STRK1_97560.3, STRK1_97560.1, STRK1_105730.1	SRDH2_81440.6, SRDH2_81440.7, SRDH2_81440.1, SRDH2_81440.4, SRDH2_81440.3, SRDH2_81440.2, SRDH2_81440.8, SRDH2_81440.5
OG0003038	STRK1_46550.1, STRK1_46550.2	SRDH2_53860.2, SRDH2_53860.3, SRDH2_53860.4, SRDH2_53860.1
OG0003039	STRK1_99980.1, STRK1_43770.1, STRK1_43770.2, STRK1_43730.1, STRK1_43760.1, STRK1_43760.2, STRK1_99970.1, STRK1_43750.1, STRK1_43980.3, STRK1_43980.1, STRK1_43980.2	SRDH2_46930.1
OG0003040	STRK1_29980.1	SRDH2_30460.1
OG0003041	STRK1_34170.1	SRDH2_34860.1
OG0003042	STRK1_38960.1	SRDH2_41090.3, SRDH2_41090.4, SRDH2_41090.5, SRDH2_41090.6, SRDH2_41090.1, SRDH2_41090.2, SRDH2_41090.7
OG0003043	STRK1_45940.1	SRDH2_48640.2, SRDH2_48640.3, SRDH2_48640.1
OG0003044	STRK1_13160.1	SRDH2_7940.1, SRDH2_7940.3, SRDH2_7940.4, SRDH2_7940.2
OG0003045	STRK1_51930.1	SRDH2_52600.1
OG0003046	STRK1_51920.1	SRDH2_52610.1, SRDH2_52610.2, SRDH2_52610.3, SRDH2_52610.7, SRDH2_52610.4, SRDH2_52610.5, SRDH2_52610.6
OG0003047	STRK1_8260.1	SRDH2_14870.4, SRDH2_14870.1, SRDH2_14870.5, SRDH2_14870.2, SRDH2_14870.3
OG0003048	STRK1_43490.1	SRDH2_46230.1, SRDH2_46370.1, SRDH2_46380.1, SRDH2_46360.1
OG0003049	STRK1_43500.1	SRDH2_46220.2, SRDH2_101810.1, SRDH2_46220.1, SRDH2_46310.1, SRDH2_46250.1, SRDH2_46400.1, SRDH2_46420.1
OG0003050	STRK1_106350.1, STRK1_73110.1	SRDH2_80490.1, SRDH2_80490.2
OG0003051	STRK1_24060.1	SRDH2_24810.1
OG0003052	STRK1_61980.1, STRK1_61980.2, STRK1_61980.3	SRDH2_67200.1
OG0003053	STRK1_26230.1	SRDH2_26950.2, SRDH2_26950.1, SRDH2_26950.3
OG0003054	STRK1_12140.1, STRK1_12140.2, STRK1_12140.3	SRDH2_9100.2, SRDH2_9100.1, SRDH2_9100.3
OG0003055	STRK1_54260.1, STRK1_54240.1, STRK1_54240.4, STRK1_54240.2, STRK1_54240.3, STRK1_99700.1	SRDH2_57860.2, SRDH2_57860.3, SRDH2_57860.4, SRDH2_57860.1
OG0003056	STRK1_12260.1, STRK1_12260.2	SRDH2_8980.2, SRDH2_8980.3, SRDH2_8980.4, SRDH2_8980.6, SRDH2_8980.1, SRDH2_8980.5
OG0003057	STRK1_64140.1, STRK1_64140.3, STRK1_64140.2	SRDH2_64920.1
OG0003058	STRK1_89300.2, STRK1_89300.1, STRK1_89300.3	SRDH2_94950.1, SRDH2_94950.3, SRDH2_94950.4, SRDH2_94950.2
OG0003059	STRK1_30790.1	SRDH2_33550.1, SRDH2_33550.2, SRDH2_33550.3
OG0003060	STRK1_46370.1, STRK1_46360.1, STRK1_46380.1	SRDH2_54070.1, SRDH2_54070.2
OG0003062	STRK1_97770.1, STRK1_86720.1	SRDH2_92910.1, SRDH2_92910.2
OG0003064	STRK1_13140.1	SRDH2_7960.2, SRDH2_7960.1, SRDH2_7960.3
OG0003065	STRK1_20620.1	SRDH2_22190.1
OG0003066	STRK1_90430.1	SRDH2_97400.2, SRDH2_97400.1
OG0003067	STRK1_23400.1, STRK1_23400.2, STRK1_23400.3	SRDH2_25260.1
OG0003068	STRK1_103500.1, STRK1_71050.1, STRK1_103490.1	SRDH2_78700.1
OG0003069	STRK1_68460.1	SRDH2_71790.2, SRDH2_71790.4, SRDH2_71790.1, SRDH2_71790.3
OG0003070	STRK1_30480.1	SRDH2_32810.3, SRDH2_32810.2, SRDH2_32810.1
OG0003071	STRK1_60000.1	SRDH2_62330.2, SRDH2_62330.4, SRDH2_62330.1, SRDH2_62330.3, SRDH2_62330.5
OG0003072	STRK1_108070.1	SRDH2_81460.1, SRDH2_81460.2
OG0003072	STRK1_98550.1	SRDH2_81460.3
OG0003073	STRK1_58860.1	SRDH2_65620.1
OG0003074	STRK1_102980.1	SRDH2_60410.1
OG0003075	STRK1_56510.1	SRDH2_58930.1, SRDH2_58930.2
OG0003076	STRK1_56470.1, STRK1_98720.1	SRDH2_58990.1
OG0003077	STRK1_108270.5, STRK1_108270.6, STRK1_108290.3, STRK1_108270.1, STRK1_108270.2, STRK1_108270.3, STRK1_108270.4, STRK1_108290.1, STRK1_108290.2, STRK1_108290.4	SRDH2_76440.1
OG0003078	STRK1_60440.1	SRDH2_62750.1
OG0003079	STRK1_54220.1	SRDH2_57820.1
OG0003080	STRK1_10280.1	SRDH2_11370.1, SRDH2_11370.2
OG0003081	STRK1_4960.1	SRDH2_12450.1, SRDH2_12450.3, SRDH2_12450.4, SRDH2_12450.2
OG0003083	STRK1_77180.1, STRK1_77180.2	SRDH2_81230.1, SRDH2_81230.2
OG0003084	STRK1_70630.3, STRK1_70630.1, STRK1_70630.2, STRK1_70630.4	SRDH2_72840.1
OG0003085	STRK1_28720.1, STRK1_28720.2, STRK1_28720.3	SRDH2_38830.1, SRDH2_38830.2, SRDH2_38830.3
OG0003086	STRK1_108760.1, STRK1_59010.1, STRK1_99570.1	SRDH2_66430.1
OG0003087	STRK1_92500.1	SRDH2_99330.1, SRDH2_99330.2
OG0003088	STRK1_18860.1, STRK1_18860.2, STRK1_83150.1	SRDH2_21020.2, SRDH2_21020.1, SRDH2_21020.3
OG0003089	STRK1_2170.1	SRDH2_19110.1, SRDH2_19110.2
OG0003090	STRK1_31840.1	SRDH2_36640.1, SRDH2_36640.2
OG0003091	STRK1_92200.1, STRK1_92210.1, STRK1_92220.1	SRDH2_96330.1, SRDH2_96330.2
OG0003092	STRK1_94210.1	SRDH2_85830.1, SRDH2_85830.2, SRDH2_85870.1
OG0003093	STRK1_87130.1	SRDH2_94000.1, SRDH2_94000.2, SRDH2_94000.3
OG0003094	STRK1_86150.1, STRK1_86150.2, STRK1_86150.3	SRDH2_92390.1
OG0003096	STRK1_73440.1	SRDH2_77500.1, SRDH2_77500.2
OG0003097	STRK1_59160.1	SRDH2_66610.3, SRDH2_66610.2, SRDH2_66610.4, SRDH2_66610.1, SRDH2_66610.5
OG0003098	STRK1_3030.1, STRK1_3030.2	SRDH2_16280.1
OG0003098	STRK1_3060.1	SRDH2_16290.1
OG0003099	STRK1_40830.1, STRK1_40830.2	SRDH2_43390.1, SRDH2_43400.1
OG0003107	STRK1_54050.1	SRDH2_57770.1, SRDH2_57770.2
OG0003108	STRK1_26420.1	SRDH2_26760.1, SRDH2_26760.3, SRDH2_26760.2, SRDH2_100310.1, SRDH2_26760.4
OG0003109	STRK1_4490.1	SRDH2_15800.3, SRDH2_15800.1, SRDH2_15800.2
OG0003111	STRK1_105540.1, STRK1_105540.2, STRK1_105540.3	SRDH2_73960.1
OG0003114	STRK1_84910.1, STRK1_99750.1	SRDH2_90310.1, SRDH2_90310.2
OG0003115	STRK1_75100.1	SRDH2_75620.2, SRDH2_75620.1, SRDH2_75620.4, SRDH2_75620.3
OG0003116	STRK1_87870.1	SRDH2_91100.1
OG0003117	STRK1_2290.1	SRDH2_18980.1, SRDH2_18980.2
OG0003118	STRK1_100150.1	SRDH2_40910.3, SRDH2_40910.1, SRDH2_40910.4, SRDH2_40910.5, SRDH2_40910.2
OG0003119	STRK1_34310.1	SRDH2_34990.1
OG0003120	STRK1_68610.1	SRDH2_74980.1
OG0003121	STRK1_1010.1, STRK1_1020.1	SRDH2_1650.1
OG0003122	STRK1_80830.1	SRDH2_530.1, SRDH2_530.6, SRDH2_530.3, SRDH2_530.8, SRDH2_530.5, SRDH2_530.2, SRDH2_530.4, SRDH2_530.7
OG0003123	STRK1_94200.1	SRDH2_85880.1
OG0003124	STRK1_88360.1, STRK1_88360.2, STRK1_88360.3, STRK1_88360.4	SRDH2_92080.1
OG0003125	STRK1_75740.1	SRDH2_76220.1
OG0003126	STRK1_3890.1, STRK1_3890.2	SRDH2_19610.3, SRDH2_19610.1, SRDH2_19610.2
OG0003127	STRK1_83470.1, STRK1_96020.1	SRDH2_88910.1
OG0003128	STRK1_80120.1	SRDH2_84560.1
OG0003129	STRK1_17210.1	SRDH2_2990.4, SRDH2_2990.5, SRDH2_2990.1, SRDH2_2990.2, SRDH2_2990.3
OG0003130	STRK1_23690.1	SRDH2_28330.1
OG0003131	STRK1_70160.1	SRDH2_73310.1
OG0003133	STRK1_57070.1	SRDH2_60880.2, SRDH2_60880.3, SRDH2_60880.1, SRDH2_60880.4
OG0003134	STRK1_94160.1	SRDH2_85930.1
OG0003135	STRK1_31160.1	SRDH2_33910.1, SRDH2_33910.2
OG0003136	STRK1_9550.1, STRK1_9550.2, STRK1_9550.3	SRDH2_10530.1
OG0003137	STRK1_79990.1	SRDH2_83690.1
OG0003138	STRK1_85960.1	SRDH2_92290.1, SRDH2_92290.2, SRDH2_92290.3
OG0003139	STRK1_49770.1	SRDH2_50160.1
OG0003140	STRK1_29020.2, STRK1_29020.1	SRDH2_31370.2, SRDH2_31370.4, SRDH2_31370.5, SRDH2_31370.6, SRDH2_31370.1
OG0003141	STRK1_60790.1, STRK1_60790.2, STRK1_60790.3	SRDH2_63170.2, SRDH2_63170.1
OG0003142	STRK1_71250.1	SRDH2_78480.2, SRDH2_78480.3, SRDH2_78480.4, SRDH2_78480.5, SRDH2_78480.6, SRDH2_78480.1, SRDH2_78480.7
OG0003143	STRK1_73500.1, STRK1_73530.1	SRDH2_77580.1, SRDH2_77580.3, SRDH2_77580.4, SRDH2_77580.2
OG0003144	STRK1_37700.1, STRK1_102520.1	SRDH2_39440.1, SRDH2_39440.2
OG0003145	STRK1_18100.1	SRDH2_20320.1
OG0003146	STRK1_61940.1, STRK1_61940.2	SRDH2_67160.1
OG0003147	STRK1_49930.1	SRDH2_50010.1
OG0003148	STRK1_91530.1	SRDH2_95960.1
OG0003150	STRK1_76460.1	SRDH2_80760.1, SRDH2_80760.3, SRDH2_80760.4, SRDH2_80760.2, SRDH2_80770.1, SRDH2_80760.5, SRDH2_80760.6
OG0003151	STRK1_49270.3, STRK1_49270.1, STRK1_49270.2	SRDH2_50740.1
OG0003152	STRK1_27900.1, STRK1_27900.2	SRDH2_37750.1
OG0003153	STRK1_75190.1	SRDH2_75710.1
OG0003154	STRK1_36150.1	SRDH2_33250.1
OG0003155	STRK1_68960.1, STRK1_68960.2	SRDH2_74640.6, SRDH2_74640.1, SRDH2_74640.10, SRDH2_74640.2, SRDH2_74640.3, SRDH2_74640.7, SRDH2_74640.4, SRDH2_74640.5, SRDH2_74640.8, SRDH2_74640.9
OG0003157	STRK1_46790.1	SRDH2_53610.1, SRDH2_53610.2
OG0003158	STRK1_85630.1	SRDH2_93570.3, SRDH2_93570.4, SRDH2_93570.2, SRDH2_93570.1
OG0003159	STRK1_53720.1	SRDH2_57370.1, SRDH2_57370.2
OG0003160	STRK1_19160.1, STRK1_19160.2, STRK1_19160.3	SRDH2_21100.1
OG0003161	STRK1_45120.1	SRDH2_47900.5, SRDH2_47900.2, SRDH2_47900.3, SRDH2_47900.1, SRDH2_47900.4
OG0003162	STRK1_8940.1	SRDH2_9880.1
OG0003163	STRK1_6920.1, STRK1_990.1, STRK1_990.2	SRDH2_1630.1
OG0003164	STRK1_34590.1	SRDH2_35300.1, SRDH2_35300.2
OG0003165	STRK1_74730.1, STRK1_74740.1	SRDH2_79530.1, SRDH2_79530.2
OG0003166	STRK1_48770.1	SRDH2_55770.1
OG0003167	STRK1_101430.1, STRK1_92020.1, STRK1_92020.2, STRK1_92020.3	SRDH2_97010.1, SRDH2_97010.2
OG0003168	STRK1_63870.1	SRDH2_65230.1, SRDH2_65230.2
OG0003169	STRK1_15170.1	SRDH2_16350.1
OG0003170	STRK1_2690.1, STRK1_2690.2, STRK1_2690.3	SRDH2_18570.1
OG0003171	STRK1_71700.1	SRDH2_72510.1, SRDH2_72510.2, SRDH2_72510.3, SRDH2_72510.4
OG0003172	STRK1_20750.1	SRDH2_22540.1
OG0003173	STRK1_32010.1, STRK1_32010.2	SRDH2_36830.1, SRDH2_36830.2
OG0003174	STRK1_72040.1, STRK1_72040.2	SRDH2_77070.1
OG0003175	STRK1_94800.1	SRDH2_97160.1
OG0003176	STRK1_67960.1	SRDH2_72350.1, SRDH2_72350.2
OG0003177	STRK1_24600.1	SRDH2_26170.1, SRDH2_26170.2
OG0003178	STRK1_34670.1	SRDH2_35350.1
OG0003179	STRK1_72160.1	SRDH2_77210.1
OG0003180	STRK1_15980.1, STRK1_15980.2	SRDH2_4350.1
OG0003181	STRK1_28390.1	SRDH2_34290.1, SRDH2_34290.2, SRDH2_34290.3, SRDH2_34290.5, SRDH2_34290.6, SRDH2_34290.4
OG0003182	STRK1_32450.1	SRDH2_31570.2, SRDH2_31570.1
OG0003183	STRK1_11920.1	SRDH2_15200.1, SRDH2_15200.2
OG0003184	STRK1_27070.1	SRDH2_47340.1, SRDH2_28810.2, SRDH2_28810.3, SRDH2_28810.1
OG0003185	STRK1_69770.1	SRDH2_73840.1
OG0003186	STRK1_29260.1, STRK1_29260.2, STRK1_30220.1	SRDH2_30160.1
OG0003187	STRK1_75200.1	SRDH2_75720.1
OG0003188	STRK1_79430.1	SRDH2_84230.1
OG0003189	STRK1_53020.1	SRDH2_58330.3, SRDH2_58330.4, SRDH2_58330.1, SRDH2_58330.2
OG0003190	STRK1_61430.1	SRDH2_62060.1
OG0003191	STRK1_45330.3, STRK1_45330.1, STRK1_45330.2, STRK1_45310.1	SRDH2_48170.1
OG0003192	STRK1_103330.1, STRK1_62870.1	SRDH2_69830.1, SRDH2_69830.2
OG0003194	STRK1_99710.1, STRK1_67600.1	SRDH2_71600.1
OG0003195	STRK1_2670.1, STRK1_2670.2	SRDH2_18600.1, SRDH2_18600.2, SRDH2_18600.3, SRDH2_18600.4, SRDH2_18600.5
OG0003196	STRK1_61290.1	SRDH2_63710.5, SRDH2_63710.2, SRDH2_63710.4, SRDH2_63710.1, SRDH2_63710.3
OG0003197	STRK1_91160.1	SRDH2_98350.1
OG0003198	STRK1_54380.4, STRK1_54380.5, STRK1_54380.1, STRK1_54380.2, STRK1_54380.3, STRK1_54380.6	SRDH2_51680.1
OG0003199	STRK1_91890.1, STRK1_91890.2	SRDH2_96820.1
OG0003200	STRK1_9820.1	SRDH2_10800.1
OG0003201	STRK1_5180.1	SRDH2_13420.2, SRDH2_13420.1
OG0003202	STRK1_2270.1	SRDH2_19000.1, SRDH2_19000.2, SRDH2_19000.3
OG0003203	STRK1_88970.1	SRDH2_94540.1
OG0003204	STRK1_18380.5, STRK1_18510.1	SRDH2_20690.1
OG0003205	STRK1_28450.1	SRDH2_34230.1, SRDH2_34230.4, SRDH2_34230.2, SRDH2_34230.3, SRDH2_34230.5
OG0003206	STRK1_13630.1	SRDH2_18140.1
OG0003207	STRK1_12610.1, STRK1_12620.1	SRDH2_8570.1
OG0003208	STRK1_98010.1, STRK1_65830.1	SRDH2_66790.2, SRDH2_66790.1
OG0003209	STRK1_77600.1	SRDH2_80850.1
OG0003210	STRK1_8210.1, STRK1_8210.2	SRDH2_14830.1
OG0003211	STRK1_71920.1	SRDH2_76940.1
OG0003212	STRK1_3490.1	SRDH2_5940.2, SRDH2_5940.1, SRDH2_5940.3, SRDH2_5940.4
OG0003213	STRK1_34510.1	SRDH2_35190.1
OG0003214	STRK1_11050.1	SRDH2_11800.1
OG0003215	STRK1_12040.1	SRDH2_9230.1, SRDH2_9220.1
OG0003216	STRK1_58640.1, STRK1_58640.2	SRDH2_67940.2, SRDH2_67940.1
OG0003217	STRK1_60120.1, STRK1_60120.3, STRK1_60120.2	SRDH2_62440.3, SRDH2_62440.1, SRDH2_62440.4, SRDH2_62440.2
OG0003221	STRK1_37980.1	SRDH2_39810.3, SRDH2_39810.1, SRDH2_39810.2
OG0003222	STRK1_17850.1	SRDH2_20050.1, SRDH2_20050.2
OG0003223	STRK1_85450.1	SRDH2_91610.2, SRDH2_91610.1
OG0003224	STRK1_32800.1, STRK1_32800.2	SRDH2_32050.4, SRDH2_32050.5, SRDH2_32050.1, SRDH2_32050.2, SRDH2_32050.3
OG0003225	STRK1_87780.1, STRK1_87780.2	SRDH2_91180.1
OG0003226	STRK1_11130.1	SRDH2_12130.1
OG0003227	STRK1_60800.1, STRK1_60800.2	SRDH2_63180.1, SRDH2_63180.2
OG0003228	STRK1_84480.1	SRDH2_89810.1
OG0003229	STRK1_76120.1, STRK1_76110.1	SRDH2_78020.1
OG0003230	STRK1_45010.1, STRK1_45010.2	SRDH2_47720.1
OG0003231	STRK1_4090.1	SRDH2_18280.4, SRDH2_18280.2, SRDH2_18280.3, SRDH2_18280.1
OG0003232	STRK1_10180.1	SRDH2_11270.1
OG0003233	STRK1_19990.1	SRDH2_22750.1, SRDH2_23260.1
OG0003234	STRK1_61400.1	SRDH2_62090.1
OG0003235	STRK1_81510.1	SRDH2_86830.1
OG0003236	STRK1_56120.1	SRDH2_58810.1
OG0003237	STRK1_22880.1	SRDH2_25640.1, SRDH2_25640.2, SRDH2_25640.3, SRDH2_25650.1
OG0003238	STRK1_63280.1	SRDH2_66080.1
OG0003239	STRK1_79060.1	SRDH2_83030.1, SRDH2_83030.3, SRDH2_83030.4, SRDH2_83030.5, SRDH2_83030.2
OG0003240	STRK1_12850.1	SRDH2_8280.1
OG0003241	STRK1_33270.1, STRK1_33280.1, STRK1_33260.1, STRK1_33250.1	SRDH2_37430.1
OG0003242	STRK1_47340.1	SRDH2_53060.1, SRDH2_53060.3, SRDH2_53060.7, SRDH2_53060.4, SRDH2_53060.2, SRDH2_53060.5, SRDH2_53060.6
OG0003243	STRK1_12280.1	SRDH2_8960.1
OG0003244	STRK1_47790.1	SRDH2_54380.2, SRDH2_54380.1, SRDH2_54380.3, SRDH2_54380.4
OG0003245	STRK1_51840.1	SRDH2_54880.1, SRDH2_54880.2, SRDH2_54880.3, SRDH2_54880.4, SRDH2_54880.5
OG0003246	STRK1_12230.1, STRK1_12230.2, STRK1_12230.3	SRDH2_9020.2, SRDH2_9020.3, SRDH2_9020.1, SRDH2_9020.4, SRDH2_9020.5
OG0003247	STRK1_99790.1	SRDH2_20960.1
OG0003248	STRK1_93880.1	SRDH2_85520.1, SRDH2_85520.2, SRDH2_85520.3, SRDH2_85520.4
OG0003249	STRK1_63530.1	SRDH2_65560.5, SRDH2_65560.4, SRDH2_65560.1, SRDH2_65560.3, SRDH2_65560.2
OG0003250	STRK1_68330.1	SRDH2_71780.1
OG0003251	STRK1_83230.1	SRDH2_89640.1, SRDH2_89640.2, SRDH2_100600.1
OG0003252	STRK1_37360.1	SRDH2_42620.1, SRDH2_42620.2, SRDH2_42620.3, SRDH2_42620.4
OG0003253	STRK1_84290.1	SRDH2_90350.1
OG0003254	STRK1_58630.1	SRDH2_67950.8, SRDH2_67950.5, SRDH2_67950.2, SRDH2_67950.1, SRDH2_67950.4, SRDH2_67950.7, SRDH2_67950.3, SRDH2_67950.6
OG0003255	STRK1_91920.1, STRK1_91930.1	SRDH2_96850.1
OG0003255	STRK1_91580.1	SRDH2_96000.1
OG0003256	STRK1_94010.1, STRK1_94010.2, STRK1_95310.1	SRDH2_86130.1
OG0003257	STRK1_8060.1	SRDH2_14690.1
OG0003258	STRK1_103750.2, STRK1_103750.1, STRK1_40580.1	SRDH2_43640.1
OG0003259	STRK1_22290.1	SRDH2_24170.1, SRDH2_24170.2, SRDH2_24170.3
OG0003260	STRK1_81250.1	SRDH2_86600.2, SRDH2_86600.3, SRDH2_86600.1, SRDH2_86600.5, SRDH2_86600.4
OG0003261	STRK1_35590.1	SRDH2_32240.1
OG0003263	STRK1_6700.1	SRDH2_5060.1, SRDH2_5060.2, SRDH2_5020.1
OG0003264	STRK1_2770.1	SRDH2_15990.1, SRDH2_15990.2, SRDH2_15990.3, SRDH2_15990.4, SRDH2_15990.5
OG0003265	STRK1_110890.1	SRDH2_42290.4, SRDH2_42290.2, SRDH2_42290.3, SRDH2_42290.1
OG0003266	STRK1_69170.1	SRDH2_74470.1
OG0003267	STRK1_18470.1	SRDH2_20640.1
OG0003268	STRK1_40490.1	SRDH2_43730.1
OG0003269	STRK1_72920.1	SRDH2_78330.1, SRDH2_78330.5, SRDH2_78330.6, SRDH2_78330.2, SRDH2_78330.3, SRDH2_78330.4
OG0003272	STRK1_31290.1, STRK1_31280.1	SRDH2_34080.1
OG0003273	STRK1_35000.1	SRDH2_35730.1
OG0003274	STRK1_4040.1	SRDH2_19350.1, SRDH2_19350.4, SRDH2_19350.2, SRDH2_19350.3
OG0003275	STRK1_24260.1, STRK1_24260.2, STRK1_24260.3, STRK1_24260.4	SRDH2_25040.1
OG0003276	STRK1_60850.1	SRDH2_63240.1
OG0003277	STRK1_34780.1	SRDH2_35450.1, SRDH2_35450.2
OG0003278	STRK1_52840.1	SRDH2_56710.1
OG0003279	STRK1_1220.1	SRDH2_1850.1
OG0003280	STRK1_72670.1, STRK1_72670.2, STRK1_72670.3, STRK1_72670.4, STRK1_72670.5, STRK1_72670.6, STRK1_72670.7	SRDH2_79950.1
OG0003281	STRK1_94470.1, STRK1_94470.2	SRDH2_97760.2, SRDH2_97760.1
OG0003282	STRK1_47160.1, STRK1_47160.2, STRK1_47160.3	SRDH2_53210.2, SRDH2_53210.1
OG0003283	STRK1_90920.1	SRDH2_97990.4, SRDH2_97990.1, SRDH2_97990.3, SRDH2_97990.2
OG0003284	STRK1_61450.1	SRDH2_62030.2, SRDH2_62030.1
OG0003285	STRK1_21290.1, STRK1_21290.2	SRDH2_23310.1
OG0003286	STRK1_64760.1	SRDH2_69220.1
OG0003288	STRK1_66330.1	SRDH2_70060.2, SRDH2_70060.3, SRDH2_70060.4, SRDH2_70060.5, SRDH2_70060.1
OG0003289	STRK1_8540.1, STRK1_8540.2	SRDH2_15180.1, SRDH2_15180.2, SRDH2_15180.3, SRDH2_15180.4, SRDH2_15180.5
OG0003290	STRK1_9710.1	SRDH2_10700.1
OG0003291	STRK1_13880.1	SRDH2_17720.1
OG0003292	STRK1_104380.1	SRDH2_87850.1
OG0003293	STRK1_25580.1	SRDH2_27600.5, SRDH2_27600.4, SRDH2_27600.1, SRDH2_27600.2, SRDH2_27600.3
OG0003294	STRK1_34800.1, STRK1_34800.2	SRDH2_35470.1
OG0003295	STRK1_26810.1	SRDH2_26360.1, SRDH2_26360.2, SRDH2_26360.3
OG0003296	STRK1_47950.1	SRDH2_55200.1
OG0003297	STRK1_13470.1	SRDH2_18170.1
OG0003298	STRK1_44330.1	SRDH2_47050.1
OG0003299	STRK1_74010.1	SRDH2_79050.1
OG0003300	STRK1_95770.1, STRK1_95770.2, STRK1_95780.1	SRDH2_12670.3, SRDH2_12670.1, SRDH2_12670.2
OG0003301	STRK1_39850.1	SRDH2_44330.3, SRDH2_44330.1, SRDH2_44330.2
OG0003302	STRK1_12720.1	SRDH2_8440.3, SRDH2_8440.2, SRDH2_8440.1, SRDH2_8440.4
OG0003303	STRK1_48020.1	SRDH2_55300.1
OG0003304	STRK1_15470.1, STRK1_15470.2, STRK1_15470.3	SRDH2_7180.1
OG0003305	STRK1_75250.1	SRDH2_75780.3, SRDH2_75780.4, SRDH2_75780.1, SRDH2_75780.2
OG0003306	STRK1_54140.1	SRDH2_57690.1, SRDH2_57690.2, SRDH2_57690.3
OG0003307	STRK1_26590.1	SRDH2_26550.1
OG0003309	STRK1_400.1, STRK1_400.2	SRDH2_900.1
OG0003310	STRK1_50980.1	SRDH2_49070.1, SRDH2_49070.2, SRDH2_49070.3, SRDH2_49070.5, SRDH2_49070.4
OG0003311	STRK1_86730.1	SRDH2_92900.1, SRDH2_92900.2, SRDH2_92900.3
OG0003313	STRK1_48880.1	SRDH2_55680.1, SRDH2_55680.2, SRDH2_55680.3
OG0003314	STRK1_25350.1, STRK1_25350.3, STRK1_25350.2	SRDH2_27810.1, SRDH2_27810.2
OG0003315	STRK1_31580.1	SRDH2_102180.1, SRDH2_36380.1, SRDH2_36380.2, SRDH2_36380.3, SRDH2_36390.1, SRDH2_102160.1
OG0003319	STRK1_38570.1	SRDH2_40580.1
OG0003319	STRK1_38580.1	SRDH2_40570.1
OG0003321	STRK1_30080.1, STRK1_30080.2	SRDH2_30320.1, SRDH2_30320.2, SRDH2_30320.3, SRDH2_30320.4, SRDH2_30320.5, SRDH2_30330.1, SRDH2_30320.6
OG0003322	STRK1_14360.1, STRK1_14380.1, STRK1_14370.1	SRDH2_17260.1, SRDH2_17290.1, SRDH2_17290.4, SRDH2_17290.2, SRDH2_17290.3
OG0003323	STRK1_21840.1	SRDH2_100350.1, SRDH2_101780.1, SRDH2_101780.2, SRDH2_101060.5, SRDH2_101060.1, SRDH2_101060.2, SRDH2_101060.3, SRDH2_101060.4
OG0003326	STRK1_64570.1	SRDH2_69380.1
OG0003327	STRK1_70920.1	SRDH2_78860.1
OG0003328	STRK1_75730.1	SRDH2_76210.1
OG0003329	STRK1_91040.1, STRK1_91060.1	SRDH2_97860.1
OG0003330	STRK1_51880.1, STRK1_51880.2, STRK1_98990.1	SRDH2_52640.1
OG0003331	STRK1_9160.1	SRDH2_10050.1, SRDH2_10050.2, SRDH2_10050.3
OG0003332	STRK1_31750.1, STRK1_31740.1	SRDH2_90870.1, SRDH2_36540.1
OG0003333	STRK1_6140.1	SRDH2_6580.1, SRDH2_6580.2, SRDH2_6580.3, SRDH2_6580.4
OG0003334	STRK1_27060.1	SRDH2_28800.1, SRDH2_28800.2, SRDH2_28800.3
OG0003335	STRK1_58770.1	SRDH2_67610.2, SRDH2_67610.1
OG0003336	STRK1_65510.1	SRDH2_63310.2, SRDH2_63310.26, SRDH2_63310.27, SRDH2_63310.23, SRDH2_63310.24, SRDH2_63310.25, SRDH2_63310.1, SRDH2_63310.22, SRDH2_63390.1
OG0003337	STRK1_72990.1	SRDH2_78220.3, SRDH2_78220.1, SRDH2_78220.2, SRDH2_78220.4, SRDH2_78220.5, SRDH2_78220.6, SRDH2_78220.7, SRDH2_78220.8
OG0003338	STRK1_14450.1	SRDH2_17220.1
OG0003339	STRK1_170.1, STRK1_180.1, STRK1_160.1	SRDH2_700.1
OG0003340	STRK1_38040.1, STRK1_38040.2	SRDH2_39880.4, SRDH2_39880.1, SRDH2_39880.2, SRDH2_39880.3, SRDH2_39880.5
OG0003341	STRK1_65600.1, STRK1_65600.2	SRDH2_68530.1, SRDH2_68530.5, SRDH2_68530.2, SRDH2_68530.3, SRDH2_68530.4
OG0003342	STRK1_11520.1	SRDH2_12800.1
OG0003343	STRK1_52780.1, STRK1_52780.2	SRDH2_52440.1, SRDH2_52440.3, SRDH2_52440.2
OG0003344	STRK1_21960.1, STRK1_21960.2, STRK1_21960.3	SRDH2_23820.1
OG0003345	STRK1_103160.1	SRDH2_89240.1
OG0003346	STRK1_90350.1, STRK1_90350.2, STRK1_90350.3	SRDH2_97450.1
OG0003347	STRK1_42630.1	SRDH2_44650.1, SRDH2_44650.2, SRDH2_44650.3, SRDH2_44650.4
OG0003348	STRK1_67480.1	SRDH2_54490.1, SRDH2_54490.2, SRDH2_54490.3
OG0003349	STRK1_32490.1	SRDH2_40400.2, SRDH2_40400.1
OG0003350	STRK1_67260.1	SRDH2_70690.1
OG0003351	STRK1_71480.1	SRDH2_75240.1
OG0003352	STRK1_79070.1, STRK1_79070.2	SRDH2_83020.3, SRDH2_83020.5, SRDH2_83020.1, SRDH2_83020.2, SRDH2_83020.6, SRDH2_83020.4
OG0003353	STRK1_25280.1	SRDH2_27880.1
OG0003354	STRK1_25200.1, STRK1_25170.1, STRK1_101450.1	SRDH2_27950.1, SRDH2_27950.2, SRDH2_27950.3
OG0003355	STRK1_67060.1	SRDH2_71000.2, SRDH2_71000.1
OG0003357	STRK1_40790.1	SRDH2_43450.1
OG0003358	STRK1_88650.1	SRDH2_92730.1
OG0003359	STRK1_56060.1	SRDH2_59280.1, SRDH2_59280.2
OG0003360	STRK1_34320.1	SRDH2_35010.1
OG0003361	STRK1_1750.1	SRDH2_19930.1
OG0003362	STRK1_72270.1	SRDH2_77310.1, SRDH2_77310.2
OG0003363	STRK1_30090.1, STRK1_30090.2	SRDH2_30310.1, SRDH2_30340.1, SRDH2_30350.1
OG0003364	STRK1_82440.1, STRK1_109330.1	SRDH2_87880.1, SRDH2_87880.2
OG0003365	STRK1_13360.1	SRDH2_19380.1, SRDH2_19380.2
OG0003366	STRK1_60820.1	SRDH2_63200.2, SRDH2_63200.1, SRDH2_63200.3, SRDH2_63200.4
OG0003367	STRK1_45720.1	SRDH2_48440.1, SRDH2_48440.5, SRDH2_48440.3, SRDH2_48440.2, SRDH2_48440.4
OG0003368	STRK1_33140.1	SRDH2_31720.5, SRDH2_31720.1, SRDH2_31720.2, SRDH2_31720.4, SRDH2_31720.3
OG0003369	STRK1_62230.1	SRDH2_67460.1
OG0003370	STRK1_26690.1	SRDH2_26210.1
OG0003371	STRK1_45580.1	SRDH2_48350.3, SRDH2_48350.4, SRDH2_48350.1, SRDH2_48350.2
OG0003372	STRK1_90410.1	SRDH2_97550.1, SRDH2_97550.2
OG0003373	STRK1_2780.1	SRDH2_16000.1
OG0003374	STRK1_94550.1	SRDH2_98280.1
OG0003375	STRK1_68240.1, STRK1_68240.2, STRK1_68240.3	SRDH2_71640.1
OG0003376	STRK1_51370.1, STRK1_51370.3, STRK1_51370.2	SRDH2_48690.1, SRDH2_48690.2, SRDH2_48690.4, SRDH2_48690.3
OG0003377	STRK1_79760.1, STRK1_79760.2, STRK1_79760.3	SRDH2_83820.1, SRDH2_83820.2
OG0003378	STRK1_93930.1	SRDH2_85470.1, SRDH2_85470.2
OG0003379	STRK1_63360.1	SRDH2_66160.1, SRDH2_66160.2, SRDH2_66160.3
OG0003380	STRK1_52610.1	SRDH2_52270.1
OG0003381	STRK1_48370.1	SRDH2_55980.2, SRDH2_55980.1
OG0003382	STRK1_67970.1	SRDH2_72310.1
OG0003383	STRK1_5730.1	SRDH2_6340.1, SRDH2_6330.1
OG0003384	STRK1_40530.1, STRK1_40530.2, STRK1_58370.1	SRDH2_43680.1
OG0003385	STRK1_86970.1	SRDH2_94180.4, SRDH2_94180.5, SRDH2_94180.3, SRDH2_94180.2, SRDH2_94180.1
OG0003386	STRK1_19980.1	SRDH2_23000.2, SRDH2_23000.3, SRDH2_23000.1
OG0003387	STRK1_4460.1, STRK1_4460.2	SRDH2_15830.1
OG0003388	STRK1_94780.1, STRK1_94780.2, STRK1_94780.3	SRDH2_97180.1
OG0003389	STRK1_44170.1	SRDH2_47240.1
OG0003390	STRK1_35620.1	SRDH2_32260.1
OG0003391	STRK1_101140.1, STRK1_77300.1, STRK1_77250.1	SRDH2_81160.1, SRDH2_81160.2
OG0003392	STRK1_46610.3, STRK1_46610.2, STRK1_46610.1, STRK1_108450.1	SRDH2_56700.1
OG0003393	STRK1_33830.1	SRDH2_34500.1
OG0003394	STRK1_37430.1	SRDH2_33490.1, SRDH2_33500.1, SRDH2_42710.1
OG0003395	STRK1_56820.1	SRDH2_57460.1
OG0003396	STRK1_40090.1	SRDH2_44100.1
OG0003397	STRK1_100120.1, STRK1_20470.1, STRK1_20470.2	SRDH2_22360.1
OG0003398	STRK1_8960.1, STRK1_8960.2, STRK1_8960.3	SRDH2_9830.1, SRDH2_9830.2, SRDH2_9830.3, SRDH2_9830.4
OG0003399	STRK1_36400.1, STRK1_36400.2	SRDH2_32940.1
OG0003400	STRK1_71780.1	SRDH2_72600.1, SRDH2_72600.2
OG0003401	STRK1_34160.1	SRDH2_34850.1
OG0003402	STRK1_19180.1	SRDH2_21120.2, SRDH2_21120.1, SRDH2_21120.4, SRDH2_21120.5, SRDH2_21120.3
OG0003404	STRK1_71890.1	SRDH2_76900.5, SRDH2_76900.1, SRDH2_76900.4, SRDH2_76900.6, SRDH2_76900.3, SRDH2_76900.2
OG0003405	STRK1_45610.1	SRDH2_48390.1
OG0003406	STRK1_15560.1	SRDH2_7080.1, SRDH2_7080.3, SRDH2_7080.2, SRDH2_7050.1
OG0003407	STRK1_82070.1	SRDH2_88200.1, SRDH2_88210.1, SRDH2_88200.2, SRDH2_88200.3, SRDH2_88200.5, SRDH2_88200.6, SRDH2_88200.4, SRDH2_88110.1
OG0003408	STRK1_22560.1	SRDH2_26030.1, SRDH2_26030.2, SRDH2_26030.3, SRDH2_26030.4, SRDH2_26030.5, SRDH2_26030.6
OG0003409	STRK1_13650.1	SRDH2_18160.1
OG0003410	STRK1_99080.1, STRK1_67200.1	SRDH2_70660.3, SRDH2_70660.1, SRDH2_70660.2
OG0003411	STRK1_37760.1, STRK1_37770.1	SRDH2_39510.1, SRDH2_39510.2, SRDH2_39510.3
OG0003412	STRK1_6850.1, STRK1_6850.2	SRDH2_5200.1, SRDH2_5210.4, SRDH2_5210.1, SRDH2_5210.2, SRDH2_5210.3
OG0003414	STRK1_37900.1	SRDH2_39700.3, SRDH2_39700.1, SRDH2_39700.2
OG0003415	STRK1_106600.1, STRK1_76930.1, STRK1_76940.1, STRK1_76950.1	SRDH2_81600.1
OG0003416	STRK1_67390.1	SRDH2_70850.2, SRDH2_70850.1
OG0003417	STRK1_54080.1	SRDH2_57730.1
OG0003418	STRK1_45170.1	SRDH2_47960.1
OG0003419	STRK1_75210.1	SRDH2_75740.1
OG0003420	STRK1_28150.1	SRDH2_38020.1
OG0003421	STRK1_33210.1	SRDH2_37200.4, SRDH2_37200.5, SRDH2_37200.1, SRDH2_37200.2, SRDH2_37200.3
OG0003422	STRK1_44980.1, STRK1_44980.2	SRDH2_47700.1, SRDH2_47700.2, SRDH2_66180.1
OG0003423	STRK1_8420.1, STRK1_8410.1	SRDH2_15060.1
OG0003424	STRK1_83940.1, STRK1_95090.1	SRDH2_89550.1
OG0003425	STRK1_82360.1	SRDH2_87960.1, SRDH2_87960.2, SRDH2_87960.3, SRDH2_87960.4
OG0003426	STRK1_58880.1	SRDH2_65580.1
OG0003427	STRK1_42840.1	SRDH2_44850.1
OG0003428	STRK1_80590.1	SRDH2_85060.1
OG0003429	STRK1_75010.1	SRDH2_79860.1, SRDH2_79860.2
OG0003430	STRK1_74040.1, STRK1_74040.2	SRDH2_78980.1
OG0003431	STRK1_18530.3, STRK1_18530.1, STRK1_18530.2	SRDH2_20710.1
OG0003432	STRK1_68540.1	SRDH2_72460.1, SRDH2_72460.4, SRDH2_72460.2, SRDH2_72460.3
OG0003433	STRK1_6520.1, STRK1_6520.2, STRK1_6520.3	SRDH2_4860.1
OG0003434	STRK1_57730.1, STRK1_57750.1, STRK1_57760.1	SRDH2_61340.1
OG0003435	STRK1_28120.1, STRK1_28120.2	SRDH2_37990.1
OG0003436	STRK1_48530.1	SRDH2_51370.3, SRDH2_51370.2, SRDH2_51370.1
OG0003437	STRK1_70570.3, STRK1_70570.4, STRK1_70570.1, STRK1_70570.2	SRDH2_72900.1
OG0003438	STRK1_29070.1	SRDH2_31300.1
OG0003439	STRK1_20800.1	SRDH2_22510.2, SRDH2_22510.3, SRDH2_22510.5, SRDH2_22510.1, SRDH2_22510.4
OG0003440	STRK1_19730.1	SRDH2_22830.1
OG0003441	STRK1_25860.1, STRK1_25840.1, STRK1_25850.1	SRDH2_27330.1
OG0003442	STRK1_70290.1	SRDH2_73170.1, SRDH2_73170.2
OG0003443	STRK1_57410.1	SRDH2_60510.3, SRDH2_60510.1, SRDH2_60510.2
OG0003444	STRK1_10080.1, STRK1_10080.2	SRDH2_11000.2, SRDH2_11000.1
OG0003445	STRK1_42340.1, STRK1_42340.2	SRDH2_45200.1
OG0003446	STRK1_35980.1	SRDH2_32620.1, SRDH2_32620.2
OG0003447	STRK1_15210.1	SRDH2_5520.5, SRDH2_5520.6, SRDH2_5520.1, SRDH2_5520.3, SRDH2_5520.4, SRDH2_5520.2
OG0003448	STRK1_67830.1, STRK1_67830.2, STRK1_67830.3	SRDH2_71260.2, SRDH2_71260.1, SRDH2_71260.3
OG0003449	STRK1_67840.1	SRDH2_71250.1, SRDH2_71250.2
OG0003450	STRK1_58980.1	SRDH2_66400.4, SRDH2_66400.2, SRDH2_66400.1, SRDH2_66400.3
OG0003451	STRK1_82660.1	SRDH2_87540.1, SRDH2_87540.2
OG0003452	STRK1_12350.1	SRDH2_8850.1, SRDH2_8850.2, SRDH2_8850.3
OG0003453	STRK1_40570.1, STRK1_42060.1, STRK1_40540.1, STRK1_40550.1, STRK1_40550.2	SRDH2_43660.1
OG0003454	STRK1_27470.1	SRDH2_36130.3, SRDH2_36130.2, SRDH2_36130.1
OG0003455	STRK1_65530.1	SRDH2_63310.20, SRDH2_63310.21, SRDH2_63370.1
OG0003456	STRK1_12760.1	SRDH2_8400.1
OG0003457	STRK1_33010.1	SRDH2_31870.1
OG0003458	STRK1_41330.1	SRDH2_39330.2, SRDH2_39330.1, SRDH2_39330.3, SRDH2_39330.4
OG0003459	STRK1_75140.1	SRDH2_75660.1
OG0003460	STRK1_42680.1	SRDH2_44670.3, SRDH2_44670.5, SRDH2_44670.1, SRDH2_44670.2, SRDH2_44670.4
OG0003462	STRK1_37950.1, STRK1_37950.2	SRDH2_39770.1, SRDH2_39770.2
OG0003463	STRK1_82230.1	SRDH2_88040.1
OG0003464	STRK1_79890.1	SRDH2_83700.1, SRDH2_83700.2, SRDH2_83550.3, SRDH2_83550.4, SRDH2_83550.1, SRDH2_83550.2
OG0003465	STRK1_59190.1	SRDH2_64500.1, SRDH2_64500.2, SRDH2_64500.4, SRDH2_64500.3
OG0003466	STRK1_9360.1	SRDH2_10300.1, SRDH2_10310.1
OG0003467	STRK1_73990.1	SRDH2_79080.1
OG0003468	STRK1_66450.1	SRDH2_70630.2, SRDH2_70630.1
OG0003470	STRK1_46590.1	SRDH2_53820.4, SRDH2_53820.1, SRDH2_53820.2, SRDH2_53820.3
OG0003471	STRK1_43870.1	SRDH2_46770.1, SRDH2_46770.2
OG0003472	STRK1_12030.1	SRDH2_9240.1, SRDH2_9240.2
OG0003473	STRK1_74970.1	SRDH2_79820.1
OG0003474	STRK1_97590.1	SRDH2_58180.2, SRDH2_58180.1, SRDH2_58180.3, SRDH2_58180.4
OG0003475	STRK1_103980.1, STRK1_106020.1, STRK1_23990.1	SRDH2_24870.1
OG0003476	STRK1_41070.1	SRDH2_43090.1, SRDH2_43090.2
OG0003477	STRK1_65850.1	SRDH2_93500.1
OG0003478	STRK1_5800.1	SRDH2_6730.1
OG0003479	STRK1_23650.1	SRDH2_28370.1
OG0003480	STRK1_66120.1	SRDH2_68420.1, SRDH2_68420.2
OG0003481	STRK1_60810.1	SRDH2_63190.4, SRDH2_63190.1, SRDH2_63190.2, SRDH2_63190.3
OG0003482	STRK1_84470.1	SRDH2_89800.1
OG0003483	STRK1_29630.1	SRDH2_30770.1
OG0003484	STRK1_15970.1	SRDH2_4360.1, SRDH2_4360.2
OG0003485	STRK1_91690.1, STRK1_107210.1	SRDH2_85760.4, SRDH2_85760.1, SRDH2_85760.2, SRDH2_85760.3
OG0003486	STRK1_39470.1	SRDH2_41660.1
OG0003487	STRK1_51950.1, STRK1_51950.2, STRK1_51950.3	SRDH2_52590.5, SRDH2_52590.1, SRDH2_52590.4, SRDH2_52590.2, SRDH2_52590.3
OG0003488	STRK1_10880.1	SRDH2_11980.1, SRDH2_11960.1
OG0003489	STRK1_71060.1	SRDH2_78690.2, SRDH2_78690.1
OG0003490	STRK1_12120.1	SRDH2_9130.3, SRDH2_9130.1, SRDH2_9130.2
OG0003491	STRK1_35300.1	SRDH2_35960.1, SRDH2_35960.2, SRDH2_35960.3
OG0003492	STRK1_60260.1	SRDH2_62560.1
OG0003493	STRK1_89040.1	SRDH2_94730.1, SRDH2_94420.1, SRDH2_94480.1
OG0003494	STRK1_89900.1	SRDH2_96390.1
OG0003495	STRK1_16110.1	SRDH2_4200.1
OG0003496	STRK1_29650.1	SRDH2_30750.2, SRDH2_30750.1
OG0003497	STRK1_54900.1, STRK1_105960.1, STRK1_110190.1	SRDH2_56500.2, SRDH2_56500.1
OG0003498	STRK1_68140.1, STRK1_68140.2	SRDH2_72200.1
OG0003499	STRK1_61280.1	SRDH2_63700.1, SRDH2_63700.2, SRDH2_63700.4, SRDH2_63700.3
OG0003500	STRK1_64130.1, STRK1_64130.2, STRK1_64130.3	SRDH2_64930.1
OG0003501	STRK1_74570.1	SRDH2_79350.1
OG0003502	STRK1_84580.1	SRDH2_89880.3, SRDH2_89880.1, SRDH2_89880.2
OG0003503	STRK1_3400.1	SRDH2_5820.1
OG0003504	STRK1_28490.1	SRDH2_39110.1
OG0003505	STRK1_52440.1	SRDH2_52170.1
OG0003506	STRK1_560.1, STRK1_560.2	SRDH2_1100.1
OG0003507	STRK1_16100.1	SRDH2_4210.1, SRDH2_4210.2, SRDH2_4210.3, SRDH2_4210.4
OG0003508	STRK1_61890.1, STRK1_61890.2	SRDH2_67120.1, SRDH2_67120.2
OG0003509	STRK1_39990.1, STRK1_39980.1	SRDH2_44220.1, SRDH2_44220.2
OG0003510	STRK1_95950.1, STRK1_95960.2, STRK1_95960.1, STRK1_95950.2	SRDH2_1080.2, SRDH2_1080.3, SRDH2_1080.1, SRDH2_1080.4
OG0003511	STRK1_61820.1	SRDH2_67020.1, SRDH2_67020.2, SRDH2_67020.4, SRDH2_67020.6, SRDH2_67020.8, SRDH2_67020.9, SRDH2_67020.7, SRDH2_67020.3, SRDH2_67020.5
OG0003512	STRK1_80500.1	SRDH2_84960.1
OG0003513	STRK1_73480.1	SRDH2_77540.2, SRDH2_77540.4, SRDH2_77540.6, SRDH2_77540.8, SRDH2_77540.1, SRDH2_77540.5, SRDH2_77540.7, SRDH2_77540.9, SRDH2_77540.3
OG0003514	STRK1_36960.1	SRDH2_29290.1
OG0003515	STRK1_94750.1, STRK1_94750.2	SRDH2_97230.1
OG0003516	STRK1_52260.1	SRDH2_51960.4, SRDH2_51960.1, SRDH2_51960.3, SRDH2_51960.2
OG0003517	STRK1_92630.1	SRDH2_98880.1
OG0003518	STRK1_83930.1	SRDH2_89540.1
OG0003519	STRK1_33490.1, STRK1_33490.2	SRDH2_37280.5, SRDH2_37280.2, SRDH2_37280.6, SRDH2_37280.1, SRDH2_37280.4, SRDH2_37280.7, SRDH2_37280.8, SRDH2_37280.9, SRDH2_37280.3
OG0003520	STRK1_55990.1	SRDH2_59250.1, SRDH2_59250.2, SRDH2_59250.3
OG0003521	STRK1_11060.1	SRDH2_11790.1
OG0003522	STRK1_107800.1, STRK1_107800.2, STRK1_78140.1	SRDH2_82240.1
OG0003523	STRK1_48820.1	SRDH2_55720.1
OG0003524	STRK1_65300.1	SRDH2_63630.1
OG0003525	STRK1_16940.1	SRDH2_3440.5, SRDH2_3440.1, SRDH2_3440.3, SRDH2_3440.4, SRDH2_3440.2
OG0003526	STRK1_29950.1, STRK1_29950.2, STRK1_29950.3	SRDH2_30490.1
OG0003527	STRK1_76920.1, STRK1_100180.1	SRDH2_81610.1, SRDH2_81610.4, SRDH2_81610.2, SRDH2_81610.3
OG0003528	STRK1_80910.1	SRDH2_650.1
OG0003529	STRK1_37250.1	SRDH2_42500.1
OG0003530	STRK1_62850.1	SRDH2_69850.1
OG0003531	STRK1_9950.3, STRK1_9950.1, STRK1_9950.2	SRDH2_10980.1
OG0003532	STRK1_12740.1	SRDH2_8470.1, SRDH2_8470.2
OG0003533	STRK1_50920.1	SRDH2_49110.2, SRDH2_49110.1, SRDH2_49110.5, SRDH2_49110.3, SRDH2_49110.6, SRDH2_49110.4
OG0003534	STRK1_85040.1	SRDH2_89990.1, SRDH2_89990.2
OG0003535	STRK1_103140.1	SRDH2_99600.1
OG0003536	STRK1_60310.1, STRK1_60310.2, STRK1_60310.3	SRDH2_62610.1
OG0003537	STRK1_57050.1, STRK1_57040.1	SRDH2_60900.4, SRDH2_60900.1, SRDH2_60900.3, SRDH2_60900.2
OG0003539	STRK1_74070.1	SRDH2_79000.1
OG0003540	STRK1_15950.1	SRDH2_4380.1, SRDH2_102500.1
OG0003541	STRK1_83630.1	SRDH2_89080.1, SRDH2_89110.1, SRDH2_89070.1, SRDH2_89070.2
OG0003542	STRK1_58810.1	SRDH2_65690.1
OG0003543	STRK1_49620.1, STRK1_49620.2, STRK1_49620.3, STRK1_49620.4, STRK1_49620.5	SRDH2_50370.1
OG0003544	STRK1_50660.1	SRDH2_49330.1
OG0003545	STRK1_17690.1, STRK1_17690.2	SRDH2_19970.1
OG0003547	STRK1_7360.1	SRDH2_7750.1
OG0003548	STRK1_20990.1	SRDH2_21920.1, SRDH2_21920.2, SRDH2_21920.3, SRDH2_21920.4, SRDH2_21920.5, SRDH2_21920.6
OG0003549	STRK1_88090.1	SRDH2_90860.1, SRDH2_90860.2, SRDH2_90860.3, SRDH2_90860.4
OG0003550	STRK1_33560.1	SRDH2_37480.4, SRDH2_37480.1, SRDH2_37480.2, SRDH2_37480.3
OG0003551	STRK1_58540.1, STRK1_58540.2	SRDH2_68020.1
OG0003552	STRK1_56100.1, STRK1_56100.2, STRK1_56100.3	SRDH2_59310.1
OG0003553	STRK1_9280.1, STRK1_9280.2	SRDH2_10200.1, SRDH2_10200.3, SRDH2_10200.2
OG0003554	STRK1_100000.1, STRK1_104660.1	SRDH2_70780.1
OG0003555	STRK1_71260.1	SRDH2_78470.1, SRDH2_78470.2, SRDH2_78470.3, SRDH2_78470.4
OG0003556	STRK1_60240.1	SRDH2_62540.1
OG0003557	STRK1_44680.1	SRDH2_47450.1, SRDH2_47450.2
OG0003558	STRK1_55650.1	SRDH2_59870.1, SRDH2_59870.2, SRDH2_59870.3
OG0003559	STRK1_103580.1, STRK1_106910.1	SRDH2_84100.1, SRDH2_84100.2, SRDH2_84100.3, SRDH2_84100.4, SRDH2_84100.5
OG0003560	STRK1_59280.1	SRDH2_64320.5, SRDH2_64320.6, SRDH2_64320.7, SRDH2_64320.8, SRDH2_64320.3, SRDH2_64320.4, SRDH2_64320.1, SRDH2_64320.2
OG0003561	STRK1_15670.1	SRDH2_4690.2, SRDH2_4690.1, SRDH2_4690.3
OG0003562	STRK1_58820.1	SRDH2_65680.1
OG0003563	STRK1_97360.1, STRK1_86170.1, STRK1_97340.1	SRDH2_60260.1, SRDH2_60280.1, SRDH2_60270.1, SRDH2_60270.2
OG0003564	STRK1_32150.1	SRDH2_37000.1
OG0003565	STRK1_96700.1	SRDH2_27380.1
OG0003566	STRK1_6950.1, STRK1_6950.2	SRDH2_5280.1
OG0003567	STRK1_7700.1	SRDH2_14030.1
OG0003568	STRK1_17330.1	SRDH2_2420.1
OG0003569	STRK1_5910.1	SRDH2_6500.3, SRDH2_6500.5, SRDH2_6500.4, SRDH2_6500.2, SRDH2_6500.1
OG0003571	STRK1_110330.1	SRDH2_3540.1, SRDH2_3550.1, SRDH2_63610.1
OG0003572	STRK1_65210.1	SRDH2_68720.1, SRDH2_68720.2
OG0003572	STRK1_65200.1	SRDH2_68740.1
OG0003577	STRK1_42730.1	SRDH2_44730.1, SRDH2_44730.2, SRDH2_44730.3, SRDH2_44730.4
OG0003579	STRK1_31390.3, STRK1_31390.1, STRK1_31390.2	SRDH2_34220.1
OG0003580	STRK1_15160.1	SRDH2_16360.1
OG0003581	STRK1_39340.1	SRDH2_41540.1, SRDH2_41530.1
OG0003582	STRK1_56610.1	SRDH2_58570.1, SRDH2_58570.2, SRDH2_58570.3, SRDH2_58570.4
OG0003583	STRK1_17170.1, STRK1_17170.2	SRDH2_3000.1
OG0003584	STRK1_60840.1, STRK1_60840.2	SRDH2_63220.1
OG0003585	STRK1_81060.1, STRK1_81080.1, STRK1_81100.1, STRK1_81110.1, STRK1_81090.1	SRDH2_86500.1
OG0003586	STRK1_42180.1	SRDH2_45400.1, SRDH2_45400.2, SRDH2_45400.3
OG0003587	STRK1_10250.1	SRDH2_11340.1
OG0003588	STRK1_14910.1	SRDH2_16650.1, SRDH2_16660.1
OG0003589	STRK1_69100.1	SRDH2_74520.1, SRDH2_74520.2, SRDH2_74520.3, SRDH2_74520.4, SRDH2_74520.5
OG0003590	STRK1_5780.1	SRDH2_6380.7, SRDH2_6380.8, SRDH2_6380.1, SRDH2_6380.6, SRDH2_6380.4, SRDH2_6380.3, SRDH2_6380.5, SRDH2_6380.2
OG0003591	STRK1_57130.1	SRDH2_60830.2, SRDH2_60830.3, SRDH2_60830.4, SRDH2_60830.1
OG0003592	STRK1_71310.1	SRDH2_75380.1
OG0003593	STRK1_34620.1	SRDH2_35330.1, SRDH2_35330.2, SRDH2_35330.3, SRDH2_35330.4, SRDH2_35330.5, SRDH2_35330.7, SRDH2_35330.6
OG0003594	STRK1_2810.2, STRK1_2810.3	SRDH2_16040.5, SRDH2_16040.1, SRDH2_16040.4, SRDH2_16040.3, SRDH2_16040.2
OG0003595	STRK1_82820.1, STRK1_82800.1, STRK1_82800.2	SRDH2_88350.1
OG0003596	STRK1_47120.1, STRK1_47120.2	SRDH2_53250.1
OG0003597	STRK1_71720.1	SRDH2_72530.2, SRDH2_72530.4, SRDH2_72530.1, SRDH2_72530.3
OG0003598	STRK1_31070.1	SRDH2_33840.2, SRDH2_33840.1, SRDH2_33840.3
OG0003599	STRK1_11880.3, STRK1_11880.4, STRK1_11880.5, STRK1_11880.2, STRK1_11880.1	SRDH2_15240.1
OG0003600	STRK1_23640.1, STRK1_6940.1, STRK1_6940.2	SRDH2_5270.2, SRDH2_5270.3, SRDH2_5270.4, SRDH2_5270.1
OG0003601	STRK1_25140.1	SRDH2_27980.1, SRDH2_27980.2, SRDH2_27980.3, SRDH2_27980.4, SRDH2_27980.5, SRDH2_27980.6
OG0003602	STRK1_61840.1	SRDH2_67050.1, SRDH2_67050.2
OG0003603	STRK1_68990.1, STRK1_69000.1, STRK1_68990.2	SRDH2_74620.2, SRDH2_74620.3, SRDH2_74620.4, SRDH2_74620.1
OG0003604	STRK1_490.1	SRDH2_980.1
OG0003605	STRK1_97820.1	SRDH2_16970.1, SRDH2_16970.3
OG0003606	STRK1_27730.1, STRK1_27730.2, STRK1_27710.1, STRK1_27720.1	SRDH2_38230.1
OG0003607	STRK1_4660.1, STRK1_4670.1	SRDH2_15630.2, SRDH2_15630.3, SRDH2_15630.1
OG0003608	STRK1_31010.1	SRDH2_33770.1
OG0003609	STRK1_24170.1, STRK1_24170.2	SRDH2_24940.2, SRDH2_24940.3, SRDH2_24940.1
OG0003610	STRK1_87660.1, STRK1_87660.2	SRDH2_91280.3, SRDH2_91280.1, SRDH2_91280.2, SRDH2_91280.4
OG0003612	STRK1_57020.1	SRDH2_60920.2, SRDH2_60920.4, SRDH2_60920.5, SRDH2_60920.3, SRDH2_60920.1
OG0003613	STRK1_66290.1	SRDH2_70140.1, SRDH2_70140.2, SRDH2_70140.3
OG0003614	STRK1_57230.1, STRK1_57230.2	SRDH2_60760.1, SRDH2_60760.4, SRDH2_60760.2, SRDH2_60760.3, SRDH2_60760.5, SRDH2_60760.6
OG0003615	STRK1_28530.1	SRDH2_39060.1, SRDH2_39060.2
OG0003616	STRK1_13520.1	SRDH2_18010.1
OG0003617	STRK1_61320.3, STRK1_61320.1, STRK1_61320.2, STRK1_61320.4, STRK1_61320.5	SRDH2_62170.1
OG0003618	STRK1_25060.1	SRDH2_24780.1, SRDH2_24780.2
OG0003619	STRK1_9730.1, STRK1_9730.2	SRDH2_10730.1, SRDH2_10730.2, SRDH2_10730.3
OG0003620	STRK1_50260.1, STRK1_50260.2	SRDH2_49710.1
OG0003621	STRK1_51440.1, STRK1_51450.1	SRDH2_55030.1, SRDH2_55030.2, SRDH2_55030.3, SRDH2_55030.4, SRDH2_55030.5
OG0003622	STRK1_68340.1	SRDH2_71920.5, SRDH2_71920.4, SRDH2_71920.1, SRDH2_71920.2, SRDH2_71920.3
OG0003623	STRK1_100650.1	SRDH2_50710.1, SRDH2_50710.2, SRDH2_50710.4, SRDH2_50710.3
OG0003624	STRK1_5620.2, STRK1_5620.1, STRK1_5620.4, STRK1_5620.3	SRDH2_13810.1
OG0003625	STRK1_68480.1, STRK1_83680.1	SRDH2_89160.1
OG0003626	STRK1_82740.1	SRDH2_88410.1
OG0003627	STRK1_111290.1, STRK1_82600.1, STRK1_67220.1	SRDH2_87720.2, SRDH2_87720.3, SRDH2_87720.1
OG0003628	STRK1_34860.1	SRDH2_35560.1
OG0003629	STRK1_7120.1	SRDH2_7490.1, SRDH2_7490.2
OG0003630	STRK1_30610.1, STRK1_30620.1	SRDH2_33390.1
OG0003631	STRK1_76270.1	SRDH2_80570.1
OG0003632	STRK1_58500.1, STRK1_58500.2	SRDH2_68070.1, SRDH2_68070.2, SRDH2_68070.5, SRDH2_68070.3, SRDH2_68070.4
OG0003633	STRK1_47570.1	SRDH2_52810.2, SRDH2_52810.1, SRDH2_52810.3, SRDH2_52810.4, SRDH2_52810.5, SRDH2_52810.6
OG0003634	STRK1_72680.1, STRK1_72680.2, STRK1_72680.3	SRDH2_79940.1
OG0003635	STRK1_72850.1, STRK1_72850.2	SRDH2_78410.1, SRDH2_78410.2, SRDH2_78410.3, SRDH2_78410.4
OG0003636	STRK1_75170.1	SRDH2_75690.1
OG0003637	STRK1_61230.1	SRDH2_68670.1, SRDH2_68670.2
OG0003638	STRK1_51850.1	SRDH2_54890.1
OG0003639	STRK1_51860.1	SRDH2_54900.1
OG0003640	STRK1_6480.1, STRK1_6480.2	SRDH2_4840.1
OG0003641	STRK1_73430.1	SRDH2_77490.1, SRDH2_77490.2, SRDH2_77490.3, SRDH2_77490.4
OG0003642	STRK1_54350.1	SRDH2_58020.1
OG0003643	STRK1_70170.1, STRK1_70170.2	SRDH2_73290.1, SRDH2_73290.2, SRDH2_73290.3, SRDH2_73290.4, SRDH2_73290.5, SRDH2_73290.6, SRDH2_73290.7
OG0003645	STRK1_45110.1	SRDH2_47880.3, SRDH2_47880.2, SRDH2_47880.1
OG0003646	STRK1_47830.1	SRDH2_54430.1
OG0003647	STRK1_4380.1	SRDH2_15910.1
OG0003648	STRK1_9370.1	SRDH2_10320.3, SRDH2_10320.4, SRDH2_10320.1, SRDH2_10320.2, SRDH2_10320.7, SRDH2_10320.5, SRDH2_10320.6
OG0003649	STRK1_28870.1	SRDH2_38660.1, SRDH2_38660.2, SRDH2_38660.3
OG0003650	STRK1_2750.1	SRDH2_15970.3, SRDH2_15970.1, SRDH2_15970.2
OG0003651	STRK1_54560.1, STRK1_54560.2	SRDH2_51540.1
OG0003652	STRK1_47870.1, STRK1_47870.2	SRDH2_55050.1
OG0003653	STRK1_38130.1	SRDH2_39960.1, SRDH2_39950.1
OG0003654	STRK1_63090.1	SRDH2_69600.1, SRDH2_69600.2, SRDH2_69600.3, SRDH2_69600.4
OG0003655	STRK1_29890.1	SRDH2_30530.2, SRDH2_30530.1, SRDH2_30530.3
OG0003656	STRK1_68670.1	SRDH2_74940.1, SRDH2_74940.2, SRDH2_74940.3
OG0003657	STRK1_16600.1	SRDH2_3620.1
OG0003658	STRK1_70190.1, STRK1_109170.1	SRDH2_73270.1, SRDH2_73270.2, SRDH2_73270.3, SRDH2_73270.4, SRDH2_73270.5
OG0003659	STRK1_73150.1, STRK1_73150.2	SRDH2_80450.1, SRDH2_80450.2
OG0003660	STRK1_69870.1	SRDH2_73630.1
OG0003661	STRK1_46450.1	SRDH2_54020.4, SRDH2_54020.1, SRDH2_54020.2, SRDH2_54020.3
OG0003662	STRK1_100080.1, STRK1_101820.1	SRDH2_44180.2, SRDH2_44180.1, SRDH2_44180.3
OG0003663	STRK1_67930.1	SRDH2_72360.1, SRDH2_72360.2, SRDH2_72360.3
OG0003664	STRK1_54920.1, STRK1_54930.1	SRDH2_56520.1, SRDH2_56530.1
OG0003665	STRK1_70280.1	SRDH2_73180.1, SRDH2_73180.2, SRDH2_73180.3
OG0003666	STRK1_55960.1	SRDH2_59210.1
OG0003667	STRK1_14540.1	SRDH2_17010.1
OG0003668	STRK1_51770.1, STRK1_51770.2	SRDH2_54810.1
OG0003669	STRK1_48420.1	SRDH2_56020.1, SRDH2_56020.2, SRDH2_56020.3
OG0003670	STRK1_59560.1, STRK1_59560.2	SRDH2_63980.1, SRDH2_63980.2, SRDH2_63980.3, SRDH2_63980.4
OG0003671	STRK1_73410.1	SRDH2_77470.1
OG0003672	STRK1_94610.4, STRK1_94610.5, STRK1_94600.1, STRK1_94610.3, STRK1_94610.2, STRK1_94610.1, STRK1_108080.1, STRK1_108080.2, STRK1_108080.3	SRDH2_97340.1
OG0003673	STRK1_88200.1	SRDH2_90770.1
OG0003674	STRK1_27560.2, STRK1_27560.1	SRDH2_36030.1, SRDH2_36030.2
OG0003675	STRK1_58840.1	SRDH2_65640.4, SRDH2_65640.1, SRDH2_65640.2, SRDH2_65640.3
OG0003676	STRK1_102870.1, STRK1_90310.1, STRK1_90320.1, STRK1_101240.1	SRDH2_97410.1, SRDH2_97420.1
OG0003677	STRK1_77020.1, STRK1_77010.1, STRK1_101910.1	SRDH2_81550.1
OG0003678	STRK1_32440.1	SRDH2_31580.1, SRDH2_31580.2
OG0003680	STRK1_33680.1	SRDH2_37610.1, SRDH2_37610.2, SRDH2_37610.3
OG0003681	STRK1_84880.1	SRDH2_90240.2, SRDH2_90240.1
OG0003682	STRK1_72300.1	SRDH2_77340.1
OG0003683	STRK1_8680.1	SRDH2_9570.1
OG0003684	STRK1_30250.1	SRDH2_30140.1
OG0003686	STRK1_87250.1	SRDH2_93870.2, SRDH2_93870.3, SRDH2_93870.1
OG0003687	STRK1_63850.1	SRDH2_90040.2, SRDH2_90040.1
OG0003688	STRK1_79340.1, STRK1_79340.3, STRK1_79340.4, STRK1_79340.2	SRDH2_84390.1
OG0003689	STRK1_57790.1, STRK1_110980.1, STRK1_110980.2, STRK1_110980.3, STRK1_110980.4, STRK1_110980.5	SRDH2_64100.1
OG0003690	STRK1_54610.1	SRDH2_56100.1, SRDH2_56100.2, SRDH2_56100.3, SRDH2_56100.4
OG0003691	STRK1_90610.1	SRDH2_99390.1, SRDH2_99390.4, SRDH2_99390.5, SRDH2_99390.3, SRDH2_99390.2, SRDH2_99390.7, SRDH2_99390.6
OG0003692	STRK1_32750.1, STRK1_32750.2	SRDH2_32100.5, SRDH2_32100.1, SRDH2_32100.6, SRDH2_32100.8, SRDH2_32100.9, SRDH2_32100.2, SRDH2_32100.4, SRDH2_32100.7, SRDH2_32100.3
OG0003693	STRK1_47510.1	SRDH2_52880.3, SRDH2_52880.4, SRDH2_52880.5, SRDH2_52880.1, SRDH2_52880.2
OG0003694	STRK1_22430.1	SRDH2_24300.1
OG0003695	STRK1_61900.1, STRK1_61900.2	SRDH2_67110.1
OG0003696	STRK1_67680.1	SRDH2_71480.4, SRDH2_71480.1, SRDH2_71480.3, SRDH2_71480.2
OG0003697	STRK1_920.1	SRDH2_1560.1
OG0003698	STRK1_34120.1	SRDH2_34810.1, SRDH2_34810.2
OG0003699	STRK1_37100.1	SRDH2_36180.1
OG0003700	STRK1_44310.1	SRDH2_47080.1
OG0003701	STRK1_78410.1, STRK1_78410.2	SRDH2_83300.1
OG0003702	STRK1_19740.1	SRDH2_22800.1
OG0003703	STRK1_7650.1	SRDH2_14070.1
OG0003704	STRK1_34710.1, STRK1_34710.2	SRDH2_35400.3, SRDH2_35400.4, SRDH2_35400.5, SRDH2_35400.6, SRDH2_35400.1, SRDH2_35400.2
OG0003705	STRK1_35370.1, STRK1_35370.2	SRDH2_38360.1
OG0003706	STRK1_87070.1	SRDH2_94070.1, SRDH2_94070.2, SRDH2_94070.3
OG0003707	STRK1_6560.1, STRK1_6550.1, STRK1_6550.5, STRK1_6550.2, STRK1_6550.3, STRK1_6550.4, STRK1_6550.6	SRDH2_4900.1
OG0003708	STRK1_60640.1	SRDH2_62990.1, SRDH2_62990.2
OG0003709	STRK1_1470.1	SRDH2_2220.1, SRDH2_2220.2, SRDH2_2220.3
OG0003710	STRK1_34760.1	SRDH2_35440.1
OG0003711	STRK1_64940.1	SRDH2_69040.5, SRDH2_69040.3, SRDH2_69040.1, SRDH2_69040.4, SRDH2_69040.2
OG0003712	STRK1_13400.1, STRK1_13400.2	SRDH2_18230.2, SRDH2_18230.1, SRDH2_18230.3, SRDH2_18230.4
OG0003713	STRK1_85100.1, STRK1_85100.2, STRK1_85100.3, STRK1_85100.4	SRDH2_90100.1, SRDH2_90100.2
OG0003714	STRK1_85400.1	SRDH2_91790.1
OG0003715	STRK1_22520.1	SRDH2_26050.1
OG0003716	STRK1_94870.1	SRDH2_96470.1, SRDH2_96470.3, SRDH2_96470.2
OG0003718	STRK1_74760.1	SRDH2_79550.1
OG0003719	STRK1_49190.1	SRDH2_50790.1
OG0003720	STRK1_57880.1, STRK1_57880.2	SRDH2_61500.1
OG0003721	STRK1_109420.1, STRK1_105140.1, STRK1_89280.1	SRDH2_94920.1
OG0003722	STRK1_89250.1, STRK1_89260.1, STRK1_89270.1	SRDH2_94900.1, SRDH2_94910.1
OG0003723	STRK1_93640.1	SRDH2_96180.1
OG0003724	STRK1_17660.1	SRDH2_20000.1
OG0003725	STRK1_3280.1	SRDH2_5710.1, SRDH2_5710.2
OG0003726	STRK1_48050.1	SRDH2_55330.2, SRDH2_55330.1
OG0003727	STRK1_36890.1	SRDH2_29360.2, SRDH2_29360.3, SRDH2_29360.5, SRDH2_29360.6, SRDH2_29360.7, SRDH2_29360.1, SRDH2_29360.4
OG0003728	STRK1_18380.3, STRK1_18410.1	SRDH2_20570.1
OG0003729	STRK1_11940.1, STRK1_8550.1, STRK1_8550.2	SRDH2_9350.1, SRDH2_9350.2
OG0003730	STRK1_49450.1	SRDH2_50570.1
OG0003731	STRK1_80580.1	SRDH2_85030.1
OG0003732	STRK1_79830.1	SRDH2_83770.1
OG0003733	STRK1_7030.1	SRDH2_7360.1
OG0003734	STRK1_16520.1	SRDH2_3780.1, SRDH2_3790.1
OG0003735	STRK1_6780.1, STRK1_6780.2, STRK1_6790.1	SRDH2_5140.1, SRDH2_5140.2, SRDH2_5110.1
OG0003736	STRK1_67420.1	SRDH2_70810.3, SRDH2_70810.2, SRDH2_70810.1
OG0003737	STRK1_800.1	SRDH2_1380.1
OG0003738	STRK1_40130.1	SRDH2_44050.1
OG0003739	STRK1_49490.1, STRK1_49490.2, STRK1_49490.3, STRK1_49490.4	SRDH2_50520.1
OG0003740	STRK1_25800.1, STRK1_10200.1, STRK1_10200.2, STRK1_103620.1, STRK1_103620.2	SRDH2_27350.1
OG0003741	STRK1_47800.1	SRDH2_54390.1
OG0003742	STRK1_96270.1, STRK1_56940.1	SRDH2_61000.1
OG0003743	STRK1_63540.1	SRDH2_65540.3, SRDH2_65540.1, SRDH2_65540.2
OG0003744	STRK1_32300.1	SRDH2_31680.1
OG0003745	STRK1_29210.1	SRDH2_31160.3, SRDH2_31160.4, SRDH2_31160.1, SRDH2_31160.2
OG0003747	STRK1_23410.1	SRDH2_25170.2, SRDH2_25170.1, SRDH2_25170.3
OG0003748	STRK1_16690.1	SRDH2_3500.1
OG0003749	STRK1_20090.1	SRDH2_23150.1, SRDH2_23150.2
OG0003750	STRK1_77040.1, STRK1_77040.2, STRK1_77040.3	SRDH2_81520.1
OG0003751	STRK1_96500.1, STRK1_97900.1, STRK1_82670.1	SRDH2_88220.1, SRDH2_88270.1
OG0003752	STRK1_35380.1, STRK1_35380.2	SRDH2_38370.1
OG0003753	STRK1_19960.1	SRDH2_22980.1
OG0003754	STRK1_79050.1	SRDH2_83040.1
OG0003756	STRK1_88300.1, STRK1_88300.2	SRDH2_91820.1
OG0003757	STRK1_39570.1, STRK1_39580.1	SRDH2_41760.3, SRDH2_41760.4, SRDH2_41760.6, SRDH2_41760.1, SRDH2_41760.2, SRDH2_41760.5
OG0003758	STRK1_34110.1	SRDH2_34800.4, SRDH2_34800.1, SRDH2_34800.3, SRDH2_34800.2
OG0003759	STRK1_66310.1	SRDH2_70080.1, SRDH2_70080.2
OG0003760	STRK1_104700.1, STRK1_105680.1, STRK1_41690.1	SRDH2_41970.1
OG0003761	STRK1_49410.1	SRDH2_50620.1
OG0003762	STRK1_87640.1	SRDH2_91240.2, SRDH2_91240.3, SRDH2_91240.1, SRDH2_91240.4
OG0003763	STRK1_104480.1	SRDH2_41650.3, SRDH2_41650.1, SRDH2_41650.2
OG0003764	STRK1_107520.1, STRK1_41260.1	SRDH2_39270.1
OG0003765	STRK1_5660.1	SRDH2_13850.1
OG0003766	STRK1_44660.1	SRDH2_47420.1
OG0003767	STRK1_58180.1	SRDH2_98950.1, SRDH2_61710.1
OG0003768	STRK1_1230.1	SRDH2_1860.3, SRDH2_1860.4, SRDH2_1860.2, SRDH2_1860.1
OG0003769	STRK1_102330.1	SRDH2_25410.1, SRDH2_25410.2, SRDH2_25410.3
OG0003770	STRK1_68360.1, STRK1_68360.2	SRDH2_71900.1, SRDH2_71900.2
OG0003771	STRK1_5960.1	SRDH2_6750.1
OG0003772	STRK1_51120.1	SRDH2_48930.3, SRDH2_48930.2, SRDH2_48930.1
OG0003773	STRK1_87830.1, STRK1_87830.2, STRK1_87830.3	SRDH2_91130.1, SRDH2_91130.2
OG0003774	STRK1_70060.1	SRDH2_73400.1, SRDH2_73400.5, SRDH2_73400.3, SRDH2_73400.4
OG0003775	STRK1_68780.1	SRDH2_74810.1
OG0003776	STRK1_7460.1	SRDH2_7860.2, SRDH2_7860.3, SRDH2_7860.4, SRDH2_7860.1, SRDH2_7860.10, SRDH2_7860.7, SRDH2_7860.5, SRDH2_7860.8, SRDH2_7860.9, SRDH2_7860.6
OG0003777	STRK1_52820.1, STRK1_52830.1, STRK1_55750.1, STRK1_55750.2	SRDH2_59800.1, SRDH2_59800.2, SRDH2_59800.3, SRDH2_59800.4, SRDH2_59800.5
OG0003778	STRK1_93630.1	SRDH2_96160.1, SRDH2_96170.1, SRDH2_96160.2
OG0003779	STRK1_11580.1	SRDH2_12930.1
OG0003780	STRK1_63120.1, STRK1_63120.2, STRK1_63120.3	SRDH2_69530.1, SRDH2_69560.1, SRDH2_69560.2
OG0003781	STRK1_106370.1, STRK1_106380.1	SRDH2_26680.1, SRDH2_26680.2
OG0003782	STRK1_48580.1	SRDH2_51010.1
OG0003783	STRK1_43780.3, STRK1_43780.2, STRK1_43780.1, STRK1_43780.4	SRDH2_46920.3, SRDH2_46920.4, SRDH2_46920.2, SRDH2_46920.5, SRDH2_46920.6, SRDH2_46920.1
OG0003784	STRK1_44340.1	SRDH2_47040.1
OG0003785	STRK1_109090.1, STRK1_109100.1, STRK1_42370.1	SRDH2_45230.1
OG0003786	STRK1_63820.1	SRDH2_65250.1
OG0003787	STRK1_19480.1	SRDH2_21410.1
OG0003788	STRK1_69310.1	SRDH2_74290.2, SRDH2_74290.1, SRDH2_74290.3
OG0003790	STRK1_30190.1, STRK1_30190.3, STRK1_30190.4, STRK1_30190.2	SRDH2_30190.3, SRDH2_30190.2, SRDH2_30190.4, SRDH2_30190.1
OG0003791	STRK1_105820.1, STRK1_95820.1, STRK1_95820.2	SRDH2_47160.1, SRDH2_47160.3, SRDH2_47160.2
OG0003792	STRK1_110880.1, STRK1_54980.1	SRDH2_56690.1
OG0003793	STRK1_44570.1	SRDH2_47330.1
OG0003794	STRK1_107970.1	SRDH2_88420.1, SRDH2_88420.2
OG0003795	STRK1_91300.1, STRK1_91300.2	SRDH2_320.1, SRDH2_330.1
OG0003796	STRK1_63260.1, STRK1_63260.2, STRK1_63260.3	SRDH2_66040.1
OG0003797	STRK1_73560.1, STRK1_73560.3, STRK1_73560.2	SRDH2_77610.2, SRDH2_77610.1, SRDH2_77610.4
OG0003799	STRK1_79650.1, STRK1_79650.2	SRDH2_83940.1
OG0003800	STRK1_22010.1, STRK1_22010.2	SRDH2_23900.1
OG0003801	STRK1_47480.1	SRDH2_52910.1
OG0003802	STRK1_73280.1	SRDH2_80320.1, SRDH2_80320.2, SRDH2_80320.3, SRDH2_80320.4, SRDH2_80320.5, SRDH2_80320.6, SRDH2_80320.7
OG0003803	STRK1_9450.1, STRK1_9450.2	SRDH2_10390.1
OG0003804	STRK1_4340.1, STRK1_4340.2, STRK1_4340.3	SRDH2_15950.1, SRDH2_15950.2, SRDH2_15950.3, SRDH2_15950.4
OG0003805	STRK1_500.1, STRK1_500.2	SRDH2_990.1, SRDH2_990.2, SRDH2_990.3, SRDH2_990.4
OG0003806	STRK1_13050.1, STRK1_13080.1	SRDH2_8030.1
OG0003807	STRK1_104450.1, STRK1_104450.2, STRK1_104450.3, STRK1_104450.4, STRK1_28070.1, STRK1_28070.2	SRDH2_37920.1
OG0003808	STRK1_76680.1, STRK1_96970.1, STRK1_76690.1, STRK1_100790.1	SRDH2_81450.1
OG0003809	STRK1_68720.1	SRDH2_74890.1
OG0003810	STRK1_29880.1, STRK1_29880.2	SRDH2_30540.1, SRDH2_30540.4, SRDH2_30540.3, SRDH2_30540.2
OG0003811	STRK1_25880.1	SRDH2_27310.1
OG0003812	STRK1_23300.1	SRDH2_25340.4, SRDH2_25340.1, SRDH2_25340.2, SRDH2_25340.3
OG0003814	STRK1_80030.1	SRDH2_84500.1
OG0003818	STRK1_29580.1, STRK1_29590.1, STRK1_29570.1	SRDH2_30800.1, SRDH2_30800.3, SRDH2_30800.2
OG0003821	STRK1_7800.1, STRK1_7800.2	SRDH2_13900.1, SRDH2_13900.2
OG0003822	STRK1_94310.4, STRK1_94310.3, STRK1_94310.1, STRK1_94310.2	SRDH2_96720.1, SRDH2_96720.2
OG0003827	STRK1_30050.1	SRDH2_30380.1, SRDH2_30380.2
OG0003828	STRK1_33340.1	SRDH2_37380.2, SRDH2_37380.3, SRDH2_37380.6, SRDH2_37380.4, SRDH2_37380.5, SRDH2_37380.1
OG0003829	STRK1_6970.1, STRK1_6970.2	SRDH2_7270.1, SRDH2_7310.1
OG0003830	STRK1_10650.1	SRDH2_11690.1, SRDH2_11690.3, SRDH2_11690.2
OG0003831	STRK1_92750.1	SRDH2_99000.1, SRDH2_99000.3, SRDH2_99000.6, SRDH2_99000.7, SRDH2_99000.4, SRDH2_99000.2, SRDH2_99000.5
OG0003832	STRK1_37320.1, STRK1_92710.1	SRDH2_98970.1
OG0003833	STRK1_105320.1	SRDH2_45330.1
OG0003834	STRK1_17090.1	SRDH2_3120.1, SRDH2_3120.2, SRDH2_3120.3
OG0003835	STRK1_3090.1, STRK1_3090.2	SRDH2_16330.3, SRDH2_16330.2, SRDH2_16330.1, SRDH2_16330.4
OG0003836	STRK1_30070.1	SRDH2_30360.1
OG0003837	STRK1_35190.1	SRDH2_40410.1
OG0003839	STRK1_5600.1	SRDH2_13790.1
OG0003840	STRK1_39400.1, STRK1_39410.1	SRDH2_41600.1, SRDH2_41610.1
OG0003841	STRK1_32780.1	SRDH2_32070.2, SRDH2_32070.6, SRDH2_32070.1, SRDH2_32070.5, SRDH2_32070.3, SRDH2_32070.4
OG0003842	STRK1_29750.1	SRDH2_30660.2, SRDH2_30660.3, SRDH2_30660.1, SRDH2_30660.4
OG0003843	STRK1_12690.1	SRDH2_8490.1, SRDH2_8490.2
OG0003844	STRK1_34220.1	SRDH2_34900.1
OG0003845	STRK1_89290.1	SRDH2_94930.1
OG0003846	STRK1_15640.1	SRDH2_4670.1
OG0003847	STRK1_60830.1	SRDH2_63210.1
OG0003848	STRK1_82720.1	SRDH2_88290.1
OG0003849	STRK1_17990.1, STRK1_95150.1	SRDH2_20230.1, SRDH2_20230.3, SRDH2_20230.4, SRDH2_20230.5, SRDH2_20230.2
OG0003850	STRK1_105930.1, STRK1_105930.2	SRDH2_29830.1, SRDH2_29830.2
OG0003851	STRK1_59220.1	SRDH2_64380.1
OG0003852	STRK1_91820.1	SRDH2_96750.1
OG0003853	STRK1_90510.1, STRK1_100990.1	SRDH2_99610.1, SRDH2_99610.2
OG0003854	STRK1_63070.1	SRDH2_69620.1
OG0003855	STRK1_38950.1, STRK1_38950.2	SRDH2_41080.1
OG0003856	STRK1_82550.1	SRDH2_87770.1, SRDH2_87770.2
OG0003857	STRK1_28790.1	SRDH2_38730.1
OG0003858	STRK1_27780.1	SRDH2_38150.1
OG0003859	STRK1_64220.1	SRDH2_64820.1
OG0003860	STRK1_41370.1, STRK1_41370.2	SRDH2_39240.1, SRDH2_39240.3, SRDH2_39240.4, SRDH2_39240.2
OG0003861	STRK1_33420.1	SRDH2_37290.1, SRDH2_37290.2, SRDH2_37290.3
OG0003863	STRK1_21510.2, STRK1_21510.1	SRDH2_23510.2
OG0003864	STRK1_75900.1	SRDH2_77790.1
OG0003865	STRK1_91970.1, STRK1_91970.2	SRDH2_96900.1
OG0003866	STRK1_38560.1	SRDH2_40590.1, SRDH2_40590.3, SRDH2_40590.2
OG0003867	STRK1_45380.1	SRDH2_48120.2, SRDH2_48120.3, SRDH2_48120.1
OG0003868	STRK1_60320.1	SRDH2_62620.1
OG0003869	STRK1_111410.1, STRK1_111410.2	SRDH2_41960.3, SRDH2_41960.4, SRDH2_41960.2, SRDH2_41960.1
OG0003870	STRK1_94360.1	SRDH2_96670.1, SRDH2_96670.2, SRDH2_96670.3, SRDH2_96670.4
OG0003871	STRK1_29450.1	SRDH2_30910.1
OG0003872	STRK1_97010.1, STRK1_99260.1	SRDH2_58010.5, SRDH2_58010.3, SRDH2_58010.1, SRDH2_58010.2, SRDH2_58010.9, SRDH2_58010.4, SRDH2_58010.6, SRDH2_58010.7, SRDH2_58010.8
OG0003873	STRK1_92760.1, STRK1_92760.2, STRK1_75720.1, STRK1_109060.1, STRK1_79900.2, STRK1_79900.1, STRK1_79900.3	SRDH2_83060.1
OG0003874	STRK1_40430.1, STRK1_40430.2	SRDH2_43790.1
OG0003875	STRK1_22020.1	SRDH2_23910.1
OG0003876	STRK1_37920.1	SRDH2_39720.1
OG0003877	STRK1_59710.1, STRK1_59710.2, STRK1_59710.3	SRDH2_63810.3, SRDH2_63810.1, SRDH2_63810.2
OG0003878	STRK1_59700.1	SRDH2_63820.3, SRDH2_63820.1, SRDH2_63820.2
OG0003879	STRK1_77700.1, STRK1_103320.1	SRDH2_82540.3, SRDH2_82540.4, SRDH2_82540.5, SRDH2_82540.1, SRDH2_82540.6, SRDH2_82540.2
OG0003881	STRK1_60110.1	SRDH2_62430.1, SRDH2_62430.2
OG0003882	STRK1_91960.1	SRDH2_96890.1
OG0003883	STRK1_60030.1	SRDH2_62360.1, SRDH2_62360.2, SRDH2_62360.3
OG0003884	STRK1_24950.3, STRK1_24950.1, STRK1_24950.2	SRDH2_24690.1
OG0003885	STRK1_84220.1	SRDH2_90440.1
OG0003886	STRK1_32770.1, STRK1_32760.1	SRDH2_32090.1
OG0003887	STRK1_95280.1, STRK1_95300.1, STRK1_87770.1, STRK1_95290.1, STRK1_101660.1	SRDH2_91190.2, SRDH2_91190.1
OG0003888	STRK1_85910.1	SRDH2_92220.2, SRDH2_92220.1
OG0003889	STRK1_73380.1	SRDH2_77450.1
OG0003890	STRK1_19010.1	SRDH2_21250.1, SRDH2_21250.2
OG0003891	STRK1_11180.1, STRK1_11180.2	SRDH2_13320.1, SRDH2_13270.1
OG0003892	STRK1_87860.1	SRDH2_91110.1
OG0003894	STRK1_11020.1	SRDH2_11850.2, SRDH2_11850.4, SRDH2_11850.5, SRDH2_11850.3, SRDH2_11850.1
OG0003895	STRK1_46760.1	SRDH2_53640.1
OG0003896	STRK1_102320.1, STRK1_102320.2	SRDH2_53190.1
OG0003897	STRK1_100210.1, STRK1_100210.3, STRK1_100210.5, STRK1_100210.2, STRK1_100210.4	SRDH2_29710.1, SRDH2_29670.1, SRDH2_29670.3, SRDH2_29670.2
OG0003898	STRK1_8600.1	SRDH2_9390.1
OG0003899	STRK1_46780.1	SRDH2_53620.1
OG0003900	STRK1_96470.1, STRK1_111240.1, STRK1_66690.1, STRK1_66670.1, STRK1_111250.1, STRK1_66610.1	SRDH2_70420.1
OG0003901	STRK1_66650.1, STRK1_66650.2	SRDH2_70430.2, SRDH2_70430.3, SRDH2_70430.1
OG0003902	STRK1_88270.1	SRDH2_90750.1, SRDH2_90740.1
OG0003903	STRK1_66500.1	SRDH2_70580.1
OG0003904	STRK1_66000.2, STRK1_66000.4, STRK1_66000.1, STRK1_66000.3	SRDH2_68260.1
OG0003905	STRK1_91140.1	SRDH2_97820.1
OG0003906	STRK1_12800.1, STRK1_12800.2, STRK1_12800.4, STRK1_12800.3	SRDH2_8330.1
OG0003907	STRK1_91210.1	SRDH2_430.1
OG0003908	STRK1_20820.1, STRK1_20830.1	SRDH2_22120.1
OG0003909	STRK1_30910.1	SRDH2_33680.1
OG0003910	STRK1_54030.1	SRDH2_57570.1
OG0003911	STRK1_39120.1, STRK1_39120.2, STRK1_39120.3	SRDH2_41230.1, SRDH2_41230.2
OG0003912	STRK1_61030.1	SRDH2_81390.1
OG0003913	STRK1_29240.1	SRDH2_31130.1
OG0003914	STRK1_67520.1	SRDH2_72070.1
OG0003915	STRK1_67530.1	SRDH2_72080.2, SRDH2_72080.1
OG0003916	STRK1_94110.1	SRDH2_86030.1
OG0003917	STRK1_5230.1	SRDH2_13480.1, SRDH2_13480.2
OG0003918	STRK1_49420.1	SRDH2_50600.1
OG0003919	STRK1_27530.1, STRK1_27530.2	SRDH2_36060.1
OG0003920	STRK1_14440.1	SRDH2_17210.1, SRDH2_17210.2
OG0003921	STRK1_67870.1, STRK1_67910.1	SRDH2_72390.1
OG0003922	STRK1_66010.1, STRK1_66010.2	SRDH2_68320.1
OG0003923	STRK1_23530.1, STRK1_23530.2	SRDH2_25110.1
OG0003924	STRK1_53970.1, STRK1_53980.1	SRDH2_57090.2, SRDH2_57090.1, SRDH2_57090.3
OG0003925	STRK1_46990.1	SRDH2_53390.1, SRDH2_53390.3, SRDH2_53390.2
OG0003927	STRK1_66790.1	SRDH2_70350.1
OG0003928	STRK1_39080.1	SRDH2_41190.1
OG0003929	STRK1_43630.1	SRDH2_46060.1
OG0003931	STRK1_47070.1	SRDH2_53310.1, SRDH2_53310.2
OG0003932	STRK1_4990.1, STRK1_4990.2	SRDH2_12490.1, SRDH2_100290.4, SRDH2_100290.2, SRDH2_100290.1, SRDH2_100290.3
OG0003933	STRK1_42480.1	SRDH2_45350.1
OG0003934	STRK1_93440.1, STRK1_93440.2	SRDH2_450.1, SRDH2_450.2
OG0003935	STRK1_5290.1, STRK1_5290.2	SRDH2_13530.1
OG0003936	STRK1_6040.1	SRDH2_6680.1
OG0003937	STRK1_100380.1, STRK1_45690.1	SRDH2_48510.1, SRDH2_48510.2, SRDH2_48510.3
OG0003938	STRK1_71840.1	SRDH2_72660.1, SRDH2_72660.2, SRDH2_72660.3, SRDH2_72660.5, SRDH2_72660.4
OG0003939	STRK1_81810.1, STRK1_81820.1, STRK1_81820.2	SRDH2_87380.1
OG0003940	STRK1_8240.1	SRDH2_14850.1
OG0003941	STRK1_16010.1	SRDH2_4320.1
OG0003943	STRK1_44200.1	SRDH2_47210.2, SRDH2_47210.1
OG0003944	STRK1_44210.1, STRK1_44210.2	SRDH2_47200.1
OG0003945	STRK1_84430.1, STRK1_84440.1	SRDH2_89780.1
OG0003946	STRK1_23420.1	SRDH2_25180.1, SRDH2_25180.2, SRDH2_25180.3, SRDH2_25180.4, SRDH2_25180.5, SRDH2_25180.6, SRDH2_25180.7, SRDH2_25180.8
OG0003947	STRK1_38760.1	SRDH2_40840.1, SRDH2_40840.3, SRDH2_40840.2
OG0003948	STRK1_53080.1	SRDH2_58270.1
OG0003949	STRK1_51400.1	SRDH2_55100.1
OG0003950	STRK1_6150.1	SRDH2_6560.1
OG0003951	STRK1_50620.1, STRK1_50630.1	SRDH2_49360.1
OG0003952	STRK1_86270.1	SRDH2_92480.1, SRDH2_92480.2, SRDH2_92480.3
OG0003953	STRK1_79100.1	SRDH2_83000.1, SRDH2_83000.2
OG0003954	STRK1_60410.1	SRDH2_62720.1, SRDH2_62690.1
OG0003955	STRK1_49520.1	SRDH2_50470.1
OG0003956	STRK1_59250.1	SRDH2_64350.5, SRDH2_64350.6, SRDH2_64350.4, SRDH2_64350.1, SRDH2_64350.3, SRDH2_64350.2
OG0003958	STRK1_26780.1	SRDH2_26310.1, SRDH2_26310.2, SRDH2_26310.3, SRDH2_26310.4, SRDH2_26310.5
OG0003959	STRK1_21180.1, STRK1_21190.1, STRK1_97710.1	SRDH2_13750.1
OG0003960	STRK1_52000.1	SRDH2_52520.1, SRDH2_52520.2, SRDH2_52520.3
OG0003961	STRK1_79210.1	SRDH2_74130.1, SRDH2_74150.1
OG0003962	STRK1_29680.1	SRDH2_30740.1
OG0003963	STRK1_2030.1	SRDH2_19640.1
OG0003964	STRK1_13570.1	SRDH2_18070.1, SRDH2_18070.2
OG0003965	STRK1_25290.1	SRDH2_27870.1, SRDH2_27870.2, SRDH2_27870.3, SRDH2_27870.4
OG0003966	STRK1_12750.1	SRDH2_8410.3
OG0003966	STRK1_12750.3, STRK1_12750.2	SRDH2_8410.1, SRDH2_8410.2
OG0003967	STRK1_101370.1	SRDH2_42680.1
OG0003968	STRK1_16880.1, STRK1_16880.2	SRDH2_3390.1, SRDH2_3390.2, SRDH2_3390.3
OG0003969	STRK1_81130.1	SRDH2_86540.1
OG0003970	STRK1_89750.1	SRDH2_95410.1
OG0003971	STRK1_59210.1, STRK1_59210.2	SRDH2_64520.3, SRDH2_64520.1, SRDH2_64520.2
OG0003972	STRK1_32470.1	SRDH2_31550.1, SRDH2_31550.3, SRDH2_31550.2
OG0003974	STRK1_51600.1, STRK1_51600.2, STRK1_51600.3, STRK1_51600.4, STRK1_51600.5, STRK1_51600.6	SRDH2_54640.1
OG0003975	STRK1_101100.1, STRK1_37130.1	SRDH2_39160.1, SRDH2_39160.2
OG0003976	STRK1_23160.1, STRK1_98200.1	SRDH2_25600.1
OG0003977	STRK1_47850.1	SRDH2_54450.1
OG0003978	STRK1_50870.1	SRDH2_49140.2, SRDH2_49140.1
OG0003979	STRK1_11150.1, STRK1_11150.2	SRDH2_13350.1, SRDH2_102600.1
OG0003980	STRK1_108680.1, STRK1_91660.1	SRDH2_96090.1
OG0003981	STRK1_22070.1, STRK1_22070.2	SRDH2_23950.1
OG0003982	STRK1_63510.1, STRK1_63510.2	SRDH2_66320.1
OG0003983	STRK1_60130.1	SRDH2_62450.1
OG0003984	STRK1_8990.1	SRDH2_9850.1, SRDH2_9920.1
OG0003985	STRK1_62680.1	SRDH2_66020.1
OG0003986	STRK1_59050.1	SRDH2_66470.1
OG0003987	STRK1_13060.1	SRDH2_8060.1
OG0003988	STRK1_33190.1, STRK1_33190.2	SRDH2_37190.1, SRDH2_37190.2, SRDH2_37190.3
OG0003989	STRK1_56220.1, STRK1_56230.1	SRDH2_60190.1, SRDH2_60190.2, SRDH2_60190.3, SRDH2_60190.4
OG0003990	STRK1_50120.1, STRK1_50120.2, STRK1_50120.3	SRDH2_49800.1, SRDH2_49800.2
OG0003991	STRK1_4820.1	SRDH2_15420.1, SRDH2_15420.2
OG0003992	STRK1_32350.1	SRDH2_31660.1, SRDH2_31660.2
OG0003993	STRK1_76140.1	SRDH2_78090.1
OG0003994	STRK1_39190.1	SRDH2_41300.4, SRDH2_41300.3, SRDH2_41300.1, SRDH2_41300.2
OG0003995	STRK1_97760.1, STRK1_104020.1	SRDH2_90880.1, SRDH2_90880.2
OG0003996	STRK1_51430.2, STRK1_51430.1, STRK1_51430.3	SRDH2_55060.1, SRDH2_55060.2, SRDH2_55060.3, SRDH2_55060.4
OG0003997	STRK1_4130.1, STRK1_4130.2	SRDH2_18320.1
OG0003999	STRK1_20870.1, STRK1_20870.2	SRDH2_22070.1, SRDH2_22060.1
OG0004000	STRK1_61810.1	SRDH2_67010.1
OG0004001	STRK1_44810.1, STRK1_44810.2	SRDH2_47520.2, SRDH2_47520.1, SRDH2_47520.3
OG0004003	STRK1_34250.1	SRDH2_34950.2, SRDH2_34950.1, SRDH2_34950.3
OG0004004	STRK1_68000.1	SRDH2_72290.2, SRDH2_72290.1, SRDH2_72290.3
OG0004005	STRK1_32910.1	SRDH2_31980.2, SRDH2_31980.1
OG0004006	STRK1_34070.1	SRDH2_34750.1
OG0004007	STRK1_69290.1	SRDH2_74330.1, SRDH2_74330.2, SRDH2_74340.1
OG0004009	STRK1_93060.1, STRK1_93090.1, STRK1_93070.1	SRDH2_98800.1
OG0004010	STRK1_21350.1	SRDH2_23370.1
OG0004011	STRK1_73810.1	SRDH2_79270.1
OG0004012	STRK1_51510.1	SRDH2_54570.1
OG0004012	STRK1_51520.1	SRDH2_54560.1
OG0004013	STRK1_63390.1	SRDH2_66190.1
OG0004014	STRK1_82220.1	SRDH2_88050.2, SRDH2_88050.1
OG0004015	STRK1_108000.1, STRK1_90100.1, STRK1_90150.1	SRDH2_97700.1
OG0004016	STRK1_810.1	SRDH2_1490.1, SRDH2_1490.2
OG0004018	STRK1_84230.1	SRDH2_90430.1
OG0004019	STRK1_106780.1	SRDH2_90060.1, SRDH2_90060.2, SRDH2_90060.3, SRDH2_90060.4, SRDH2_90060.5, SRDH2_90060.6
OG0004021	STRK1_87540.3, STRK1_87540.1, STRK1_87540.2	SRDH2_93620.1, SRDH2_93620.2
OG0004022	STRK1_85520.1	SRDH2_91510.1
OG0004023	STRK1_58280.1	SRDH2_61780.1
OG0004024	STRK1_650.1	SRDH2_1230.1, SRDH2_1230.2, SRDH2_1230.3, SRDH2_1230.4
OG0004025	STRK1_19950.1, STRK1_19950.2, STRK1_19950.3, STRK1_19950.4, STRK1_98670.1	SRDH2_22970.1, SRDH2_22970.2
OG0004027	STRK1_71100.1	SRDH2_78640.1
OG0004028	STRK1_39170.1	SRDH2_41280.1, SRDH2_41280.2
OG0004029	STRK1_67790.1	SRDH2_71290.1
OG0004030	STRK1_2180.1	SRDH2_19070.1
OG0004031	STRK1_27820.1, STRK1_98780.1	SRDH2_38120.1
OG0004032	STRK1_5370.1, STRK1_5350.1, STRK1_5360.1	SRDH2_13600.1
OG0004033	STRK1_38540.2, STRK1_38540.1, STRK1_38540.3	SRDH2_95830.1
OG0004034	STRK1_96000.1, STRK1_96000.2, STRK1_96000.3, STRK1_96000.4, STRK1_89120.1, STRK1_95710.1	SRDH2_94770.1
OG0004035	STRK1_85270.1	SRDH2_91760.1
OG0004037	STRK1_270.1	SRDH2_790.1
OG0004038	STRK1_51010.1	SRDH2_49030.1, SRDH2_49030.2
OG0004039	STRK1_68050.1	SRDH2_72140.1, SRDH2_72140.2
OG0004040	STRK1_47650.1, STRK1_47650.2	SRDH2_52750.1
OG0004041	STRK1_39620.1, STRK1_105620.1, STRK1_73320.1, STRK1_67500.1	SRDH2_41810.1
OG0004042	STRK1_63040.1	SRDH2_69660.1, SRDH2_69660.2, SRDH2_69660.3
OG0004043	STRK1_12530.1	SRDH2_8650.1
OG0004044	STRK1_97410.1	SRDH2_23320.1
OG0004045	STRK1_91240.1	SRDH2_380.2, SRDH2_380.1
OG0004046	STRK1_9800.1, STRK1_9800.2, STRK1_9800.3	SRDH2_10790.1, SRDH2_10790.2
OG0004047	STRK1_37640.1, STRK1_37640.3, STRK1_37640.2	SRDH2_42940.1
OG0004048	STRK1_58360.1	SRDH2_61840.1
OG0004049	STRK1_106720.1	SRDH2_97950.2
OG0004050	STRK1_75030.1	SRDH2_79890.1
OG0004051	STRK1_64030.1, STRK1_64030.2, STRK1_64030.3	SRDH2_65160.1, SRDH2_65160.2, SRDH2_65160.3
OG0004052	STRK1_55630.1	SRDH2_59890.1, SRDH2_59890.2
OG0004053	STRK1_104430.1, STRK1_95550.1, STRK1_95550.2, STRK1_95550.3, STRK1_95550.4, STRK1_95550.5	SRDH2_93760.1
OG0004054	STRK1_69370.1	SRDH2_74200.1, SRDH2_74210.1
OG0004055	STRK1_10860.1, STRK1_10860.2	SRDH2_11990.1
OG0004056	STRK1_51080.1	SRDH2_48970.2, SRDH2_48970.3, SRDH2_48970.1
OG0004057	STRK1_49690.1, STRK1_49690.2, STRK1_49690.3	SRDH2_50300.1, SRDH2_50290.1
OG0004058	STRK1_75650.1	SRDH2_76140.1, SRDH2_76140.2
OG0004059	STRK1_58260.1, STRK1_58260.2	SRDH2_61770.1, SRDH2_61770.2, SRDH2_61770.3
OG0004060	STRK1_16730.1	SRDH2_3460.1
OG0004061	STRK1_88180.1	SRDH2_90780.1
OG0004062	STRK1_88170.1	SRDH2_90790.1
OG0004063	STRK1_80820.1, STRK1_80820.2, STRK1_80820.3	SRDH2_540.1, SRDH2_540.2
OG0004064	STRK1_10140.1	SRDH2_11220.1
OG0004065	STRK1_11630.1, STRK1_11630.2	SRDH2_12760.1
OG0004066	STRK1_14050.1, STRK1_14050.2	SRDH2_17550.5, SRDH2_17550.2, SRDH2_17550.1, SRDH2_17550.3, SRDH2_17550.4
OG0004067	STRK1_11560.1	SRDH2_12900.1
OG0004068	STRK1_99540.1	SRDH2_76840.1
OG0004069	STRK1_53260.1	SRDH2_58080.1, SRDH2_58080.2, SRDH2_58080.3, SRDH2_58080.4, SRDH2_58080.5
OG0004071	STRK1_20480.1, STRK1_20480.2	SRDH2_22350.1
OG0004072	STRK1_30850.5, STRK1_30850.3, STRK1_30850.2, STRK1_30850.1, STRK1_30850.4	SRDH2_33600.2, SRDH2_33600.1, SRDH2_33600.3
OG0004073	STRK1_55350.1, STRK1_55360.1, STRK1_66220.1	SRDH2_70880.1
OG0004073	STRK1_67370.1	SRDH2_70870.1
OG0004074	STRK1_93380.1	SRDH2_98450.1
OG0004076	STRK1_85360.1	SRDH2_91660.1
OG0004077	STRK1_45050.1, STRK1_45050.2	SRDH2_47790.1
OG0004078	STRK1_67880.1	SRDH2_72380.1, SRDH2_72380.2, SRDH2_72380.3
OG0004079	STRK1_75430.1, STRK1_75420.1	SRDH2_75920.1
OG0004080	STRK1_62040.1	SRDH2_67290.1, SRDH2_67290.3, SRDH2_67290.2
OG0004081	STRK1_37570.1	SRDH2_42830.1
OG0004082	STRK1_33620.1, STRK1_33620.2	SRDH2_37550.1, SRDH2_37550.2
OG0004083	STRK1_13940.1	SRDH2_17650.1
OG0004084	STRK1_12910.1	SRDH2_8210.2, SRDH2_8210.1, SRDH2_8210.4, SRDH2_8210.3
OG0004086	STRK1_42120.1, STRK1_42120.2	SRDH2_45020.1, SRDH2_45050.1
OG0004087	STRK1_94320.1	SRDH2_96710.1
OG0004089	STRK1_2580.1	SRDH2_18710.1, SRDH2_18710.2
OG0004090	STRK1_97060.1, STRK1_86570.1	SRDH2_93100.1
OG0004091	STRK1_67780.1	SRDH2_71300.1, SRDH2_71300.2
OG0004092	STRK1_1860.1	SRDH2_19810.1
OG0004093	STRK1_73160.1, STRK1_73160.2	SRDH2_80440.1
OG0004094	STRK1_40590.1	SRDH2_43630.1
OG0004095	STRK1_13730.1	SRDH2_17910.19, SRDH2_17910.6, SRDH2_17910.3, SRDH2_17910.4, SRDH2_17910.8, SRDH2_17910.2, SRDH2_17910.5
OG0004096	STRK1_12780.1	SRDH2_8350.1, SRDH2_8350.2, SRDH2_8350.4, SRDH2_8350.6, SRDH2_8350.3, SRDH2_8350.5
OG0004097	STRK1_58410.1, STRK1_58380.1, STRK1_58380.2	SRDH2_61870.1
OG0004098	STRK1_51320.1, STRK1_51330.1, STRK1_98610.1, STRK1_99600.1, STRK1_99600.2, STRK1_98620.1	SRDH2_48720.1, SRDH2_48720.2
OG0004099	STRK1_100260.1, STRK1_100260.2, STRK1_1140.1	SRDH2_1760.1
OG0004100	STRK1_26860.1	SRDH2_26370.1
OG0004101	STRK1_39690.1	SRDH2_41870.1
OG0004102	STRK1_82730.1	SRDH2_88300.1
OG0004103	STRK1_28800.1, STRK1_28800.2	SRDH2_38720.1
OG0004104	STRK1_31370.2, STRK1_31370.1, STRK1_31370.3, STRK1_31370.4	SRDH2_34180.1, SRDH2_34180.2, SRDH2_34180.3
OG0004105	STRK1_25900.1	SRDH2_27270.1
OG0004106	STRK1_106520.1, STRK1_90040.1	SRDH2_97740.1
OG0004107	STRK1_14830.1, STRK1_14830.2, STRK1_14830.3	SRDH2_16690.1
OG0004108	STRK1_41530.1	SRDH2_42320.1
OG0004109	STRK1_33480.1	SRDH2_37270.3, SRDH2_37270.5, SRDH2_37270.1, SRDH2_37270.2, SRDH2_37270.4
OG0004110	STRK1_75980.1, STRK1_75980.2, STRK1_75980.3	SRDH2_77860.1, SRDH2_77860.2
OG0004111	STRK1_70880.1	SRDH2_78890.1
OG0004112	STRK1_13860.1, STRK1_13860.2	SRDH2_17740.1
OG0004113	STRK1_21280.1	SRDH2_23300.1, SRDH2_23300.2
OG0004114	STRK1_47110.2, STRK1_47110.1, STRK1_43940.1, STRK1_97290.1	SRDH2_53270.1
OG0004115	STRK1_31080.1, STRK1_31080.2	SRDH2_33850.1
OG0004116	STRK1_81990.1	SRDH2_87510.1
OG0004118	STRK1_37630.1	SRDH2_42890.1
OG0004119	STRK1_100630.1, STRK1_100630.2, STRK1_100640.1	SRDH2_25950.1
OG0004120	STRK1_34560.1	SRDH2_35250.1
OG0004121	STRK1_46630.1	SRDH2_53790.1, SRDH2_53790.2
OG0004122	STRK1_26290.1, STRK1_26300.1, STRK1_26310.1	SRDH2_26890.1
OG0004123	STRK1_14970.1, STRK1_14970.3, STRK1_14970.2, STRK1_14970.4	SRDH2_16570.1
OG0004124	STRK1_36920.1	SRDH2_29330.1, SRDH2_29330.5, SRDH2_29330.4, SRDH2_29330.2, SRDH2_29330.3
OG0004125	STRK1_70870.1	SRDH2_78910.1, SRDH2_78910.2
OG0004126	STRK1_73900.1	SRDH2_79170.1
OG0004127	STRK1_104740.1, STRK1_104750.1	SRDH2_27150.1
OG0004128	STRK1_14070.1	SRDH2_17520.1, SRDH2_17520.2
OG0004129	STRK1_45710.1	SRDH2_48420.1
OG0004130	STRK1_69240.1	SRDH2_74390.1
OG0004131	STRK1_20430.1	SRDH2_22170.1
OG0004132	STRK1_83700.1, STRK1_83700.2	SRDH2_89190.1
OG0004133	STRK1_20920.1	SRDH2_21990.1
OG0004134	STRK1_14950.1	SRDH2_16590.1, SRDH2_16590.2, SRDH2_16590.3
OG0004135	STRK1_27600.1	SRDH2_36000.1
OG0004136	STRK1_55970.1	SRDH2_59220.1, SRDH2_59220.2
OG0004137	STRK1_29540.1	SRDH2_30830.1
OG0004138	STRK1_51250.1	SRDH2_48780.1, SRDH2_48780.2
OG0004139	STRK1_29410.1	SRDH2_30970.1
OG0004140	STRK1_51360.1	SRDH2_48700.1
OG0004141	STRK1_2160.1, STRK1_2160.2	SRDH2_19120.1
OG0004142	STRK1_79770.1	SRDH2_83810.1
OG0004143	STRK1_9660.1	SRDH2_10650.3, SRDH2_10650.4, SRDH2_10650.5, SRDH2_10650.2, SRDH2_10650.6, SRDH2_10650.1
OG0004144	STRK1_61750.1	SRDH2_66970.1, SRDH2_66970.2
OG0004145	STRK1_59630.1, STRK1_99480.1	SRDH2_63940.1
OG0004146	STRK1_29290.1	SRDH2_31090.3, SRDH2_31090.4, SRDH2_31090.1, SRDH2_31090.2
OG0004147	STRK1_54040.1	SRDH2_57590.1
OG0004148	STRK1_4970.1	SRDH2_12470.1, SRDH2_12470.2
OG0004149	STRK1_17300.1	SRDH2_46000.2, SRDH2_46000.1, SRDH2_46000.3, SRDH2_2830.1, SRDH2_2830.3, SRDH2_2830.2
OG0004150	STRK1_13820.1	SRDH2_17800.1
OG0004151	STRK1_54340.1, STRK1_54340.2	SRDH2_58030.3, SRDH2_58030.2, SRDH2_58030.1
OG0004152	STRK1_11540.1, STRK1_11540.2, STRK1_11540.3, STRK1_11540.4	SRDH2_12880.1, SRDH2_12880.2
OG0004153	STRK1_21150.1	SRDH2_101040.1, SRDH2_21770.1, SRDH2_21770.2, SRDH2_21770.3, SRDH2_21770.4
OG0004154	STRK1_7100.1, STRK1_7100.2, STRK1_7100.3, STRK1_7100.4	SRDH2_7470.1, SRDH2_7470.2, SRDH2_7470.3
OG0004155	STRK1_50670.1, STRK1_103640.1, STRK1_103650.1	SRDH2_49390.1
OG0004156	STRK1_56550.1, STRK1_56530.1, STRK1_56540.1, STRK1_56540.2	SRDH2_58800.1
OG0004157	STRK1_18550.1, STRK1_18550.2, STRK1_18560.1	SRDH2_20740.1, SRDH2_20740.2
OG0004158	STRK1_40620.1	SRDH2_43610.1
OG0004159	STRK1_65760.1, STRK1_65760.2, STRK1_65760.3	SRDH2_70290.1
OG0004160	STRK1_6880.1, STRK1_6880.2, STRK1_6880.3	SRDH2_5240.1
OG0004161	STRK1_8300.1, STRK1_8300.2, STRK1_8300.3, STRK1_8300.4, STRK1_8300.5	SRDH2_14920.1
OG0004162	STRK1_56090.1	SRDH2_59320.1, SRDH2_59320.3, SRDH2_59320.2
OG0004163	STRK1_75690.1	SRDH2_76180.1
OG0004164	STRK1_5450.1, STRK1_5450.2	SRDH2_13650.1
OG0004165	STRK1_35650.1	SRDH2_32290.1
OG0004166	STRK1_15250.1, STRK1_15250.2	SRDH2_5480.1
OG0004168	STRK1_89230.1	SRDH2_94880.1
OG0004169	STRK1_32000.1	SRDH2_36820.1
OG0004170	STRK1_72480.1, STRK1_72500.1	SRDH2_80110.6, SRDH2_80110.1, SRDH2_80110.2, SRDH2_80110.3, SRDH2_80110.5, SRDH2_80110.4
OG0004171	STRK1_110240.1, STRK1_110930.1	SRDH2_91420.1
OG0004172	STRK1_74870.1, STRK1_99720.1	SRDH2_79670.2, SRDH2_79670.4, SRDH2_79670.5, SRDH2_79670.3, SRDH2_79670.1
OG0004173	STRK1_26950.1	SRDH2_26490.1, SRDH2_26490.2, SRDH2_26490.3, SRDH2_26490.4, SRDH2_26490.5
OG0004175	STRK1_54620.1, STRK1_54620.2	SRDH2_51450.1, SRDH2_51450.2, SRDH2_51450.4, SRDH2_51450.5, SRDH2_51450.3
OG0004176	STRK1_13210.1	SRDH2_14330.1
OG0004177	STRK1_86130.1	SRDH2_92380.1
OG0004178	STRK1_55670.1	SRDH2_59850.2, SRDH2_59850.5, SRDH2_59850.3, SRDH2_59850.1, SRDH2_59850.4
OG0004179	STRK1_94140.1	SRDH2_86020.1
OG0004180	STRK1_64740.1	SRDH2_69260.2, SRDH2_69260.3, SRDH2_69260.1
OG0004181	STRK1_5060.1	SRDH2_12240.1, SRDH2_12240.2
OG0004182	STRK1_63730.1	SRDH2_65390.1
OG0004183	STRK1_86830.1	SRDH2_92830.1
OG0004184	STRK1_7780.1, STRK1_7780.2	SRDH2_13930.1
OG0004185	STRK1_53670.1, STRK1_53660.1, STRK1_53660.2	SRDH2_57420.3, SRDH2_57420.1, SRDH2_57420.2
OG0004186	STRK1_87620.1	SRDH2_91350.1
OG0004187	STRK1_62420.1, STRK1_62420.2	SRDH2_65770.1, SRDH2_65770.2
OG0004188	STRK1_79820.1	SRDH2_83780.1, SRDH2_83780.2, SRDH2_83780.4, SRDH2_83780.3
OG0004189	STRK1_14530.1	SRDH2_17020.1, SRDH2_17020.2, SRDH2_17020.3
OG0004190	STRK1_94380.1, STRK1_94380.2, STRK1_94380.3	SRDH2_96650.1
OG0004191	STRK1_91610.1	SRDH2_96030.2, SRDH2_96030.1, SRDH2_96030.4, SRDH2_96030.5, SRDH2_96030.6, SRDH2_96030.3
OG0004192	STRK1_13640.1	SRDH2_18150.1, SRDH2_18150.2, SRDH2_18150.3
OG0004193	STRK1_81540.1	SRDH2_86860.3, SRDH2_86860.1, SRDH2_86860.2
OG0004194	STRK1_27410.1, STRK1_27410.2	SRDH2_29130.1, SRDH2_29130.2, SRDH2_29130.3
OG0004195	STRK1_4290.1	SRDH2_18500.1, SRDH2_18500.3, SRDH2_18500.2
OG0004196	STRK1_34970.1	SRDH2_35700.1, SRDH2_35690.1
OG0004197	STRK1_20050.1	SRDH2_23210.1
OG0004198	STRK1_82790.1	SRDH2_88360.1
OG0004199	STRK1_57290.1	SRDH2_60680.1
OG0004200	STRK1_90420.1, STRK1_90420.2	SRDH2_82560.1, SRDH2_82560.2
OG0004201	STRK1_58670.1	SRDH2_67900.1, SRDH2_67900.2, SRDH2_67900.3
OG0004202	STRK1_19030.1	SRDH2_21210.1, SRDH2_21210.2, SRDH2_21210.3
OG0004203	STRK1_75260.1	SRDH2_75790.1
OG0004204	STRK1_65310.1	SRDH2_63590.1, SRDH2_63590.2, SRDH2_63590.3, SRDH2_63590.4, SRDH2_63590.5, SRDH2_63590.6
OG0004205	STRK1_2830.1	SRDH2_16060.1, SRDH2_16060.2, SRDH2_16060.3, SRDH2_16060.4
OG0004206	STRK1_86740.1	SRDH2_92890.1
OG0004207	STRK1_56490.1	SRDH2_58950.1
OG0004208	STRK1_65650.1	SRDH2_66770.1, SRDH2_66770.2
OG0004209	STRK1_86920.1	SRDH2_94230.1
OG0004210	STRK1_36860.1	SRDH2_29400.1, SRDH2_29400.2
OG0004211	STRK1_55030.1	SRDH2_56600.1
OG0004212	STRK1_47740.1, STRK1_47760.1, STRK1_47750.1, STRK1_99920.1	SRDH2_54360.1
OG0004213	STRK1_53860.1	SRDH2_57200.1
OG0004214	STRK1_110050.1, STRK1_110050.2, STRK1_110060.1, STRK1_110060.2	SRDH2_6570.1
OG0004215	STRK1_35720.1	SRDH2_32360.1
OG0004216	STRK1_38780.1	SRDH2_40870.1, SRDH2_40870.2
OG0004217	STRK1_91070.1	SRDH2_97850.1
OG0004218	STRK1_17290.1	SRDH2_2900.1, SRDH2_102550.1, SRDH2_102550.2, SRDH2_102550.3, SRDH2_102550.4
OG0004219	STRK1_64170.1	SRDH2_64880.1
OG0004220	STRK1_6510.1	SRDH2_4870.1
OG0004221	STRK1_45640.1, STRK1_45640.2	SRDH2_72270.1, SRDH2_72270.2
OG0004222	STRK1_57320.1, STRK1_57320.2	SRDH2_60730.4, SRDH2_60730.7, SRDH2_60730.5, SRDH2_60730.6, SRDH2_60730.1, SRDH2_60730.2, SRDH2_60730.3
OG0004223	STRK1_35260.1, STRK1_35260.2	SRDH2_35920.1, SRDH2_35920.2
OG0004224	STRK1_64260.1, STRK1_64260.2	SRDH2_64780.1
OG0004225	STRK1_52200.1	SRDH2_51890.1, SRDH2_51900.1
OG0004226	STRK1_95480.1, STRK1_95480.2, STRK1_95480.3, STRK1_95480.4	SRDH2_24390.1
OG0004227	STRK1_8520.1	SRDH2_15170.1, SRDH2_15170.5, SRDH2_15170.2, SRDH2_15170.3, SRDH2_15170.6, SRDH2_15170.7, SRDH2_15170.4
OG0004228	STRK1_106360.1, STRK1_55770.1	SRDH2_59780.1, SRDH2_59780.2
OG0004229	STRK1_22440.1	SRDH2_26140.1, SRDH2_26140.2
OG0004230	STRK1_79940.1	SRDH2_83590.1
OG0004231	STRK1_71270.1	SRDH2_75420.1, SRDH2_75420.2
OG0004232	STRK1_50140.1	SRDH2_49830.1
OG0004233	STRK1_49870.1, STRK1_49870.2, STRK1_49870.3, STRK1_49870.4	SRDH2_50110.1, SRDH2_50110.2
OG0004234	STRK1_67140.1, STRK1_67130.1	SRDH2_70910.1, SRDH2_70910.2, SRDH2_70910.3, SRDH2_70910.4
OG0004235	STRK1_20960.1	SRDH2_21950.2, SRDH2_21950.4, SRDH2_21950.1, SRDH2_21950.3, SRDH2_21950.5, SRDH2_21950.6, SRDH2_21950.7
OG0004236	STRK1_77960.1	SRDH2_82150.1
OG0004237	STRK1_19520.1, STRK1_89520.1	SRDH2_21620.1, SRDH2_21620.2
OG0004238	STRK1_72800.1, STRK1_72800.2	SRDH2_75430.2, SRDH2_75430.3, SRDH2_75430.4, SRDH2_75430.1
OG0004239	STRK1_16680.1	SRDH2_3510.1
OG0004240	STRK1_35630.2	SRDH2_32270.1
OG0004241	STRK1_60620.1	SRDH2_62970.1
OG0004242	STRK1_54170.1	SRDH2_57660.1
OG0004243	STRK1_35560.1	SRDH2_32210.1
OG0004244	STRK1_57170.1, STRK1_57160.1	SRDH2_60790.4, SRDH2_60790.1, SRDH2_60790.3, SRDH2_60790.2
OG0004245	STRK1_88310.1	SRDH2_92000.1
OG0004246	STRK1_24630.1	SRDH2_26200.1
OG0004247	STRK1_5840.1	SRDH2_6420.3, SRDH2_6420.4, SRDH2_6420.1, SRDH2_6420.2, SRDH2_6420.5
OG0004248	STRK1_20660.1	SRDH2_22440.1
OG0004249	STRK1_9320.1, STRK1_9320.2, STRK1_9320.3, STRK1_9320.4	SRDH2_10240.1, SRDH2_10290.1, SRDH2_10260.1
OG0004250	STRK1_105110.1	SRDH2_96930.1, SRDH2_96930.3, SRDH2_96930.2, SRDH2_96930.4
OG0004251	STRK1_53220.1, STRK1_53220.2, STRK1_53220.3	SRDH2_58120.1
OG0004252	STRK1_33030.1	SRDH2_31850.1
OG0004253	STRK1_101860.1	SRDH2_93710.1
OG0004254	STRK1_33200.1	SRDH2_37180.1, SRDH2_37180.2, SRDH2_37180.3, SRDH2_37180.4
OG0004255	STRK1_36350.1	SRDH2_32990.1
OG0004256	STRK1_8180.1	SRDH2_14810.1, SRDH2_14810.2
OG0004257	STRK1_62640.1, STRK1_62640.2	SRDH2_65930.1, SRDH2_65940.1, SRDH2_65950.1
OG0004258	STRK1_47710.1, STRK1_47710.2	SRDH2_52690.3, SRDH2_52690.1, SRDH2_52690.2
OG0004259	STRK1_19540.1	SRDH2_21650.1
OG0004260	STRK1_90590.1	SRDH2_99410.1
OG0004261	STRK1_107020.1	SRDH2_99420.1
OG0004262	STRK1_71730.1	SRDH2_72550.1
OG0004263	STRK1_91370.1, STRK1_91390.1, STRK1_91400.1	SRDH2_200.1
OG0004264	STRK1_54780.1	SRDH2_56270.1, SRDH2_56270.2, SRDH2_56270.3, SRDH2_56270.4
OG0004265	STRK1_56010.1	SRDH2_59270.1, SRDH2_59270.2, SRDH2_59270.3, SRDH2_59270.4
OG0004266	STRK1_75440.1	SRDH2_75930.1
OG0004267	STRK1_23170.1, STRK1_23170.2, STRK1_23170.3	SRDH2_25610.1, SRDH2_25610.2, SRDH2_25610.3
OG0004268	STRK1_37960.1	SRDH2_39780.5, SRDH2_39780.3, SRDH2_39780.1, SRDH2_39780.2, SRDH2_39780.4
OG0004269	STRK1_64470.1	SRDH2_64540.2, SRDH2_64540.3, SRDH2_64540.1, SRDH2_64540.4, SRDH2_64540.5, SRDH2_64540.6
OG0004270	STRK1_102160.1	SRDH2_47150.1
OG0004271	STRK1_80780.1, STRK1_80780.2	SRDH2_85390.1
OG0004272	STRK1_71630.1	SRDH2_75110.1
OG0004273	STRK1_96900.1, STRK1_84300.1	SRDH2_89740.1, SRDH2_89740.3, SRDH2_89740.2
OG0004274	STRK1_51830.1	SRDH2_54870.1
OG0004275	STRK1_42660.1	SRDH2_44680.1, SRDH2_44680.2
OG0004276	STRK1_18480.1	SRDH2_20660.1
OG0004277	STRK1_3420.1	SRDH2_5840.1, SRDH2_5840.2, SRDH2_5840.3
OG0004278	STRK1_35640.1	SRDH2_32280.1
OG0004280	STRK1_79920.1	SRDH2_83570.2, SRDH2_83570.1
OG0004281	STRK1_72520.1, STRK1_72520.2, STRK1_72520.3	SRDH2_80090.1, SRDH2_80090.2, SRDH2_80090.3
OG0004282	STRK1_82710.1	SRDH2_88230.2, SRDH2_88230.4, SRDH2_88230.1, SRDH2_88230.3
OG0004283	STRK1_94990.1, STRK1_94990.2, STRK1_80880.1, STRK1_80870.1, STRK1_80870.3, STRK1_80870.2	SRDH2_480.1, SRDH2_480.2, SRDH2_480.3
OG0004284	STRK1_53120.1	SRDH2_58230.1
OG0004285	STRK1_101780.1, STRK1_101790.1	SRDH2_5930.1
OG0004286	STRK1_50160.1, STRK1_50160.2, STRK1_50160.3	SRDH2_49850.1
OG0004287	STRK1_42720.1	SRDH2_44720.2, SRDH2_44720.1
OG0004289	STRK1_95070.1, STRK1_95070.2	SRDH2_40820.1
OG0004290	STRK1_60610.1	SRDH2_62950.1
OG0004291	STRK1_28240.1	SRDH2_34420.1
OG0004293	STRK1_71430.1	SRDH2_75280.3, SRDH2_75280.5, SRDH2_75280.1, SRDH2_75280.4, SRDH2_75280.2
OG0004294	STRK1_45530.1	SRDH2_48320.1
OG0004295	STRK1_16490.1	SRDH2_3830.1
OG0004296	STRK1_2790.1, STRK1_55290.1	SRDH2_16010.1, SRDH2_16010.2
OG0004297	STRK1_35870.1	SRDH2_32510.4, SRDH2_32510.2, SRDH2_32510.3, SRDH2_32510.1
OG0004298	STRK1_58420.1	SRDH2_61880.1
OG0004299	STRK1_74920.1, STRK1_74920.2	SRDH2_79730.1
OG0004300	STRK1_48900.1	SRDH2_55660.1
OG0004301	STRK1_14120.1	SRDH2_17480.1, SRDH2_17480.2, SRDH2_17480.3
OG0004302	STRK1_73700.1	SRDH2_76350.1
OG0004303	STRK1_38930.1, STRK1_38940.1	SRDH2_41040.1
OG0004304	STRK1_11160.1	SRDH2_13340.1, SRDH2_101640.1
OG0004305	STRK1_36300.1, STRK1_36300.2	SRDH2_33080.1, SRDH2_33080.2
OG0004306	STRK1_29230.2, STRK1_29230.1	SRDH2_31140.1, SRDH2_31140.2, SRDH2_31140.3
OG0004307	STRK1_93680.1	SRDH2_96140.1, SRDH2_96140.3, SRDH2_96140.2
OG0004308	STRK1_76250.1, STRK1_76250.2	SRDH2_80550.1
OG0004309	STRK1_92330.1, STRK1_92330.3, STRK1_92330.4, STRK1_92330.2	SRDH2_99530.1
OG0004310	STRK1_44910.1, STRK1_44910.2	SRDH2_47640.1, SRDH2_47640.3, SRDH2_47640.2
OG0004311	STRK1_5270.1	SRDH2_13520.1, SRDH2_13520.2
OG0004312	STRK1_38520.1	SRDH2_40520.1, SRDH2_40520.2
OG0004313	STRK1_72290.1	SRDH2_77330.1
OG0004314	STRK1_29190.1	SRDH2_31180.1, SRDH2_31180.2, SRDH2_31180.3
OG0004315	STRK1_87880.1	SRDH2_91090.2, SRDH2_91090.1
OG0004316	STRK1_11980.1	SRDH2_9270.1
OG0004317	STRK1_6080.3, STRK1_6080.1, STRK1_6080.2	SRDH2_102120.1, SRDH2_6650.1, SRDH2_6650.3, SRDH2_6650.2
OG0004318	STRK1_11040.1	SRDH2_11810.1, SRDH2_11810.2
OG0004319	STRK1_11030.1	SRDH2_11830.1, SRDH2_11830.2, SRDH2_11830.3, SRDH2_11830.4
OG0004321	STRK1_68160.1	SRDH2_72220.1
OG0004322	STRK1_77550.1	SRDH2_80880.1
OG0004323	STRK1_10750.1, STRK1_10750.2, STRK1_10770.1	SRDH2_12120.1
OG0004324	STRK1_8390.1	SRDH2_15030.1
OG0004325	STRK1_63210.1	SRDH2_64480.1, SRDH2_64480.2
OG0004326	STRK1_89920.1	SRDH2_99490.1
OG0004327	STRK1_1290.1, STRK1_1290.2, STRK1_1290.3	SRDH2_1890.1
OG0004328	STRK1_31360.1	SRDH2_34170.1, SRDH2_34170.2
OG0004329	STRK1_54070.1	SRDH2_57740.1
OG0004330	STRK1_52340.1	SRDH2_52030.1, SRDH2_52030.4, SRDH2_52030.2, SRDH2_52030.3, SRDH2_52030.5
OG0004331	STRK1_19330.1	SRDH2_21530.1
OG0004332	STRK1_111370.2, STRK1_100.1, STRK1_111370.1	SRDH2_68190.1, SRDH2_68190.2
OG0004333	STRK1_74000.1, STRK1_74000.2	SRDH2_79040.1
OG0004334	STRK1_49980.1	SRDH2_50060.2, SRDH2_50060.4, SRDH2_50060.1, SRDH2_50060.3
OG0004335	STRK1_73550.1	SRDH2_77600.1, SRDH2_77600.2, SRDH2_77600.3, SRDH2_77600.4
OG0004336	STRK1_68980.1	SRDH2_74630.1, SRDH2_74630.2
OG0004337	STRK1_21980.1	SRDH2_23880.1
OG0004338	STRK1_87050.1	SRDH2_94100.1, SRDH2_94100.2, SRDH2_94100.3
OG0004340	STRK1_10940.1	SRDH2_12160.1, SRDH2_11920.1
OG0004342	STRK1_43210.1	SRDH2_45710.1
OG0004343	STRK1_79950.1, STRK1_79950.2	SRDH2_83600.1
OG0004344	STRK1_57080.1, STRK1_57080.2	SRDH2_60870.1
OG0004345	STRK1_55660.1, STRK1_55660.2	SRDH2_59860.1
OG0004346	STRK1_55460.1	SRDH2_60170.1
OG0004347	STRK1_26320.1, STRK1_26320.2	SRDH2_26880.1
OG0004348	STRK1_33740.1	SRDH2_37650.1, SRDH2_37650.2, SRDH2_37650.3, SRDH2_37650.4, SRDH2_37650.5, SRDH2_37650.6
OG0004349	STRK1_32650.1	SRDH2_630.1, SRDH2_630.2
OG0004350	STRK1_7610.1, STRK1_7620.1	SRDH2_14100.1
OG0004351	STRK1_94170.1, STRK1_94170.2	SRDH2_85910.1
OG0004352	STRK1_81550.1, STRK1_81560.1	SRDH2_86870.1, SRDH2_86870.2, SRDH2_86870.3, SRDH2_86870.4, SRDH2_86870.5, SRDH2_86870.6
OG0004353	STRK1_46650.1, STRK1_46650.2, STRK1_46650.3	SRDH2_53750.1
OG0004354	STRK1_43530.1, STRK1_43520.1, STRK1_43520.2	SRDH2_46340.1, SRDH2_46390.1, SRDH2_46210.1, SRDH2_46210.2, SRDH2_46210.3, SRDH2_46410.1, SRDH2_46300.1, SRDH2_46240.1, SRDH2_46200.1
OG0004355	STRK1_58940.1	SRDH2_66350.1
OG0004356	STRK1_64490.1	SRDH2_69510.1, SRDH2_69510.3, SRDH2_69510.4, SRDH2_69510.2
OG0004357	STRK1_29600.1	SRDH2_30790.1
OG0004358	STRK1_109280.1	SRDH2_25320.1
OG0004359	STRK1_35470.1	SRDH2_38500.1
OG0004360	STRK1_42360.1, STRK1_96080.1, STRK1_96090.1	SRDH2_45250.1
OG0004367	STRK1_66440.1, STRK1_66410.1	SRDH2_70040.1
OG0004368	STRK1_13240.1, STRK1_13240.2	SRDH2_14360.1
OG0004369	STRK1_104900.1	SRDH2_45760.1
OG0004370	STRK1_4300.1, STRK1_4310.1, STRK1_4270.1, STRK1_4260.1	SRDH2_18480.1
OG0004371	STRK1_32280.1	SRDH2_37110.1, SRDH2_37110.2
OG0004372	STRK1_3830.1	SRDH2_19540.1, SRDH2_19530.1
OG0004373	STRK1_70140.1, STRK1_77720.1	SRDH2_73340.1, SRDH2_73340.2
OG0004374	STRK1_45560.1, STRK1_45550.1, STRK1_45570.1	SRDH2_48340.1
OG0004375	STRK1_22150.1	SRDH2_24000.1, SRDH2_24000.2
OG0004376	STRK1_29270.1	SRDH2_31110.1
OG0004377	STRK1_77480.1, STRK1_107880.1, STRK1_107860.1, STRK1_107870.1, STRK1_107850.1	SRDH2_90290.1
OG0004378	STRK1_107080.1	SRDH2_90560.1
OG0004379	STRK1_78680.1	SRDH2_83500.1
OG0004380	STRK1_2250.1	SRDH2_19020.1, SRDH2_19020.2, SRDH2_19020.3, SRDH2_19020.4
OG0004381	STRK1_2280.1	SRDH2_18990.1
OG0004382	STRK1_39870.1, STRK1_39870.2	SRDH2_44310.1
OG0004383	STRK1_59230.1	SRDH2_64370.2, SRDH2_64370.4, SRDH2_64370.1, SRDH2_64370.3
OG0004384	STRK1_73020.1	SRDH2_78180.1
OG0004385	STRK1_23720.1	SRDH2_28270.3, SRDH2_28270.4, SRDH2_28270.2
OG0004386	STRK1_91800.1	SRDH2_96740.1
OG0004387	STRK1_99850.1	SRDH2_93780.1
OG0004388	STRK1_108470.1, STRK1_14840.1, STRK1_14840.2	SRDH2_16680.1
OG0004389	STRK1_76650.1	SRDH2_81410.1
OG0004390	STRK1_57420.1	SRDH2_60500.1, SRDH2_60500.2, SRDH2_60500.3
OG0004391	STRK1_28190.1, STRK1_28190.3, STRK1_28190.2	SRDH2_38060.1
OG0004392	STRK1_26640.1	SRDH2_28640.1
OG0004393	STRK1_72240.1	SRDH2_77280.1
OG0004395	STRK1_80650.1	SRDH2_85120.1
OG0004396	STRK1_66260.1	SRDH2_70110.1
OG0004397	STRK1_13760.1	SRDH2_17880.1, SRDH2_17880.2, SRDH2_17880.3
OG0004399	STRK1_690.1, STRK1_690.3, STRK1_690.2	SRDH2_1190.1, SRDH2_1190.2
OG0004400	STRK1_87180.1	SRDH2_93930.1
OG0004401	STRK1_25360.1	SRDH2_27800.1, SRDH2_27790.1
OG0004402	STRK1_28290.1	SRDH2_34380.1, SRDH2_34380.2, SRDH2_34380.3, SRDH2_34380.4
OG0004403	STRK1_44530.1, STRK1_44530.2, STRK1_44520.1	SRDH2_47300.1
OG0004404	STRK1_49710.1	SRDH2_50280.1
OG0004405	STRK1_18320.1	SRDH2_20520.1
OG0004406	STRK1_31850.1	SRDH2_36660.1
OG0004407	STRK1_30830.1	SRDH2_33580.1, SRDH2_33580.2, SRDH2_33580.3
OG0004408	STRK1_85810.1	SRDH2_93350.1
OG0004409	STRK1_30980.1	SRDH2_33750.1
OG0004410	STRK1_94370.1	SRDH2_96660.1, SRDH2_96660.2
OG0004411	STRK1_28510.1	SRDH2_39080.1, SRDH2_39080.2, SRDH2_39080.3
OG0004412	STRK1_49100.1	SRDH2_50900.1, SRDH2_50900.2, SRDH2_50900.3, SRDH2_50900.4, SRDH2_50900.5, SRDH2_50900.6
OG0004413	STRK1_86000.1	SRDH2_92300.2, SRDH2_92300.5, SRDH2_92300.4, SRDH2_92300.1, SRDH2_92300.3
OG0004414	STRK1_14610.1, STRK1_14610.2	SRDH2_16930.1, SRDH2_16930.3, SRDH2_16930.4, SRDH2_16930.2, SRDH2_16930.6, SRDH2_16930.5
OG0004415	STRK1_49660.1	SRDH2_50340.1
OG0004416	STRK1_13540.1, STRK1_13540.2	SRDH2_18040.1, SRDH2_18040.2
OG0004417	STRK1_47320.1, STRK1_65240.1	SRDH2_68680.1
OG0004418	STRK1_24980.1	SRDH2_24720.1
OG0004419	STRK1_107610.1, STRK1_79590.1	SRDH2_84030.1, SRDH2_84030.3, SRDH2_84030.2
OG0004422	STRK1_17610.1, STRK1_17610.3, STRK1_17610.2	SRDH2_2560.1
OG0004423	STRK1_29050.1, STRK1_29050.2, STRK1_29050.3	SRDH2_31330.1, SRDH2_31330.2
OG0004424	STRK1_91510.1	SRDH2_95930.1
OG0004425	STRK1_91540.1	SRDH2_95970.1
OG0004426	STRK1_61760.1	SRDH2_66980.1, SRDH2_66980.2, SRDH2_66980.3
OG0004428	STRK1_71400.1	SRDH2_75310.1
OG0004429	STRK1_14170.1	SRDH2_17450.2, SRDH2_17450.1
OG0004431	STRK1_27540.1	SRDH2_36050.1, SRDH2_36050.2, SRDH2_36050.3, SRDH2_36050.4
OG0004432	STRK1_89990.1	SRDH2_99460.3, SRDH2_99460.1, SRDH2_99460.2
OG0004433	STRK1_76100.1	SRDH2_78000.1
OG0004434	STRK1_27890.1	SRDH2_37740.1
OG0004435	STRK1_42990.1, STRK1_43000.1	SRDH2_45570.1, SRDH2_45570.2
OG0004436	STRK1_63250.1, STRK1_63250.2, STRK1_63250.3	SRDH2_66690.1
OG0004437	STRK1_38640.1, STRK1_105630.1, STRK1_38640.2	SRDH2_40660.1
OG0004438	STRK1_99430.1, STRK1_97670.1, STRK1_97680.1, STRK1_38630.1, STRK1_99450.1	SRDH2_40650.1
OG0004439	STRK1_5330.1	SRDH2_13580.1
OG0004440	STRK1_26760.1	SRDH2_26280.1, SRDH2_26280.3, SRDH2_26280.2
OG0004441	STRK1_10110.1	SRDH2_11160.1
OG0004442	STRK1_64970.1	SRDH2_69010.1
OG0004443	STRK1_106010.1	SRDH2_33010.1
OG0004444	STRK1_50060.1	SRDH2_49910.1
OG0004445	STRK1_50040.1	SRDH2_49930.1
OG0004446	STRK1_5950.1	SRDH2_6530.1
OG0004447	STRK1_68600.1	SRDH2_75020.1
OG0004448	STRK1_16330.1	SRDH2_3970.2, SRDH2_3970.3, SRDH2_3970.4, SRDH2_3970.1
OG0004449	STRK1_31610.1	SRDH2_36410.1
OG0004450	STRK1_70790.1, STRK1_70800.1	SRDH2_72720.1, SRDH2_72720.2, SRDH2_72720.3, SRDH2_72710.1
OG0004451	STRK1_108420.1, STRK1_37740.1	SRDH2_39470.3, SRDH2_39470.2, SRDH2_39470.1
OG0004452	STRK1_68870.1	SRDH2_74750.1
OG0004453	STRK1_22650.1, STRK1_22650.2, STRK1_22650.3	SRDH2_25920.1
OG0004454	STRK1_88890.1, STRK1_95680.1	SRDH2_64260.1
OG0004455	STRK1_42920.1	SRDH2_44540.1
OG0004456	STRK1_620.1	SRDH2_1260.1
OG0004457	STRK1_71880.1	SRDH2_76860.1, SRDH2_76860.2
OG0004458	STRK1_95130.1, STRK1_37820.1	SRDH2_39580.1, SRDH2_39580.3, SRDH2_39580.2, SRDH2_39580.4
OG0004459	STRK1_1360.1, STRK1_1360.2	SRDH2_2350.1
OG0004461	STRK1_69390.1	SRDH2_74180.2, SRDH2_74180.1, SRDH2_74180.3
OG0004462	STRK1_64320.2, STRK1_64320.1, STRK1_64320.3	SRDH2_64730.1
OG0004463	STRK1_99510.1, STRK1_26870.1	SRDH2_26400.1
OG0004465	STRK1_99210.1, STRK1_99210.2	SRDH2_55170.1, SRDH2_55160.1, SRDH2_55150.1, SRDH2_55150.2
OG0004466	STRK1_35340.1	SRDH2_38330.1
OG0004467	STRK1_29040.1, STRK1_29040.2, STRK1_29040.3	SRDH2_31350.1, SRDH2_31350.2, SRDH2_31350.3, SRDH2_31350.4
OG0004468	STRK1_41350.1	SRDH2_39340.1
OG0004469	STRK1_9770.1	SRDH2_10760.1
OG0004470	STRK1_44540.1, STRK1_104290.1	SRDH2_47310.1, SRDH2_47310.2
OG0004471	STRK1_13840.1, STRK1_13840.2	SRDH2_17780.3, SRDH2_17780.5, SRDH2_17780.6, SRDH2_17780.1, SRDH2_17780.2, SRDH2_17780.4
OG0004472	STRK1_13830.1	SRDH2_17790.1, SRDH2_17790.2
OG0004473	STRK1_50800.1	SRDH2_49220.1
OG0004475	STRK1_8620.1	SRDH2_9410.1
OG0004476	STRK1_89630.1	SRDH2_95090.1
OG0004478	STRK1_58330.1, STRK1_58330.2	SRDH2_61820.2, SRDH2_61820.1, SRDH2_61820.6, SRDH2_61820.3, SRDH2_61820.4, SRDH2_61820.5
OG0004479	STRK1_13990.1	SRDH2_17600.1
OG0004480	STRK1_7500.1	SRDH2_14150.1
OG0004481	STRK1_95390.1	SRDH2_25050.1
OG0004482	STRK1_46500.1	SRDH2_53970.1
OG0004483	STRK1_45180.1	SRDH2_47970.1
OG0004484	STRK1_46150.1	SRDH2_54280.1
OG0004485	STRK1_8250.1, STRK1_8250.2	SRDH2_14860.1
OG0004486	STRK1_84490.1	SRDH2_89820.1, SRDH2_89820.2, SRDH2_89820.3
OG0004487	STRK1_21880.1	SRDH2_23850.1
OG0004488	STRK1_62770.1, STRK1_62770.2	SRDH2_69920.1, SRDH2_69920.2, SRDH2_69920.3
OG0004489	STRK1_63150.1, STRK1_63150.2	SRDH2_64400.1
OG0004490	STRK1_67410.1, STRK1_67430.1	SRDH2_70820.4, SRDH2_70820.1, SRDH2_70820.2, SRDH2_70820.3, SRDH2_70820.5, SRDH2_70820.7, SRDH2_70820.6
OG0004491	STRK1_75760.1	SRDH2_76230.2, SRDH2_76230.3, SRDH2_76230.1, SRDH2_76230.4
OG0004492	STRK1_8320.1, STRK1_8320.2	SRDH2_14940.1
OG0004493	STRK1_4010.1	SRDH2_19330.1, SRDH2_19330.2
OG0004494	STRK1_57060.1, STRK1_57060.2	SRDH2_60890.1, SRDH2_60890.2
OG0004495	STRK1_85210.1, STRK1_85210.2, STRK1_85210.3	SRDH2_91920.2, SRDH2_91920.1
OG0004496	STRK1_48040.1	SRDH2_55320.1
OG0004498	STRK1_99020.1, STRK1_92950.1	SRDH2_99170.1
OG0004499	STRK1_53710.1	SRDH2_57380.1
OG0004500	STRK1_66710.1, STRK1_66710.2	SRDH2_70400.2, SRDH2_70400.1
OG0004501	STRK1_74840.1, STRK1_74840.2	SRDH2_79650.1
OG0004502	STRK1_45470.1	SRDH2_48270.1
OG0004504	STRK1_4480.1	SRDH2_15810.1
OG0004505	STRK1_10000.1	SRDH2_11100.1, SRDH2_11100.2, SRDH2_11100.3
OG0004506	STRK1_18400.1	SRDH2_20560.1, SRDH2_20560.3, SRDH2_20560.2
OG0004507	STRK1_51820.1	SRDH2_54860.1
OG0004508	STRK1_48660.1	SRDH2_55870.2, SRDH2_55870.1, SRDH2_55880.1
OG0004509	STRK1_35680.1	SRDH2_33020.1
OG0004510	STRK1_13110.1	SRDH2_7990.1
OG0004511	STRK1_71290.1	SRDH2_75400.1
OG0004512	STRK1_93020.1, STRK1_93020.2	SRDH2_98840.1
OG0004513	STRK1_9600.1	SRDH2_10590.1
OG0004514	STRK1_23430.1	SRDH2_25190.1
OG0004515	STRK1_51490.1	SRDH2_54530.2, SRDH2_54530.1
OG0004516	STRK1_14400.1	SRDH2_17140.1
OG0004517	STRK1_62830.1	SRDH2_69870.1
OG0004518	STRK1_65560.1	SRDH2_63340.1
OG0004518	STRK1_16840.1	SRDH2_3350.1
OG0004519	STRK1_56790.1	SRDH2_58780.1
OG0004520	STRK1_64480.1	SRDH2_69520.3, SRDH2_69520.1, SRDH2_69520.2, SRDH2_69520.4
OG0004521	STRK1_10850.1	SRDH2_12000.1
OG0004522	STRK1_4550.1, STRK1_4550.2	SRDH2_15730.1, SRDH2_15730.2
OG0004523	STRK1_78750.1, STRK1_110140.1, STRK1_79870.1, STRK1_98360.1, STRK1_110150.1, STRK1_109790.1, STRK1_109840.1, STRK1_79860.1	SRDH2_83540.1
OG0004524	STRK1_19900.1, STRK1_19900.2, STRK1_19900.3	SRDH2_22930.1
OG0004526	STRK1_44860.1	SRDH2_47560.1
OG0004527	STRK1_77030.1	SRDH2_81540.1, SRDH2_81540.2
OG0004528	STRK1_24870.1	SRDH2_24610.1
OG0004529	STRK1_51160.1, STRK1_51160.2	SRDH2_48880.1
OG0004530	STRK1_17110.1	SRDH2_3100.1, SRDH2_3100.2
OG0004531	STRK1_71120.1	SRDH2_78620.1
OG0004532	STRK1_71440.1	SRDH2_75270.1
OG0004534	STRK1_30730.1	SRDH2_33470.1, SRDH2_33470.2
OG0004536	STRK1_101770.1, STRK1_29150.1	SRDH2_31220.1
OG0004537	STRK1_14570.1	SRDH2_16980.1, SRDH2_16980.4
OG0004538	STRK1_66510.1, STRK1_98310.1, STRK1_66520.1, STRK1_98300.1	SRDH2_70590.1
OG0004539	STRK1_13070.1	SRDH2_8050.1, SRDH2_8050.2, SRDH2_8050.3, SRDH2_8050.4
OG0004540	STRK1_22950.1, STRK1_22950.2	SRDH2_25470.1, SRDH2_25470.2
OG0004541	STRK1_78290.1	SRDH2_82450.1
OG0004542	STRK1_16890.1, STRK1_16890.2	SRDH2_3400.1
OG0004543	STRK1_53890.1, STRK1_53900.1	SRDH2_57170.1, SRDH2_57170.2, SRDH2_57170.3, SRDH2_57170.4
OG0004544	STRK1_66580.1	SRDH2_70540.1
OG0004545	STRK1_86460.1	SRDH2_93190.1
OG0004546	STRK1_74680.1	SRDH2_79480.1
OG0004547	STRK1_70740.1	SRDH2_72760.1
OG0004548	STRK1_28630.1	SRDH2_38940.4, SRDH2_38960.1
OG0004549	STRK1_10840.1	SRDH2_12010.1
OG0004550	STRK1_68800.1	SRDH2_74800.1, SRDH2_74800.2
OG0004551	STRK1_42940.1	SRDH2_44500.1
OG0004552	STRK1_16510.1, STRK1_16510.2, STRK1_16510.3	SRDH2_102360.1, SRDH2_3770.1, SRDH2_3800.1
OG0004553	STRK1_37530.1	SRDH2_42790.1
OG0004554	STRK1_26970.1	SRDH2_28710.1
OG0004555	STRK1_1410.1	SRDH2_2310.3, SRDH2_2310.1, SRDH2_2310.2
OG0004556	STRK1_59110.1	SRDH2_66570.1
OG0004557	STRK1_12660.1	SRDH2_8530.1
OG0004558	STRK1_102000.1, STRK1_77160.1	SRDH2_81250.4, SRDH2_81250.5, SRDH2_81250.2, SRDH2_81250.3, SRDH2_81250.1
OG0004559	STRK1_24880.1	SRDH2_24620.2, SRDH2_24620.1
OG0004560	STRK1_75630.1, STRK1_75630.2, STRK1_75630.3	SRDH2_76130.2, SRDH2_76130.3, SRDH2_76130.5, SRDH2_76130.6, SRDH2_76130.1, SRDH2_76130.4
OG0004561	STRK1_60250.1	SRDH2_62550.1, SRDH2_62550.2
OG0004562	STRK1_18630.1	SRDH2_20800.1
OG0004563	STRK1_73660.1	SRDH2_76310.1
OG0004564	STRK1_89020.1	SRDH2_94520.1
OG0004565	STRK1_82700.1	SRDH2_87520.2, SRDH2_87520.1
OG0004566	STRK1_41950.1	SRDH2_41940.1, SRDH2_41940.2
OG0004567	STRK1_32420.1	SRDH2_31600.2, SRDH2_31600.1
OG0004568	STRK1_27030.1	SRDH2_28760.1
OG0004569	STRK1_5210.1	SRDH2_13460.1, SRDH2_13460.2
OG0004570	STRK1_50610.1, STRK1_50610.2	SRDH2_49370.1, SRDH2_49370.2
OG0004571	STRK1_51630.1	SRDH2_54670.1
OG0004572	STRK1_79390.1	SRDH2_84240.1, SRDH2_84280.1
OG0004573	STRK1_71970.1	SRDH2_77010.2, SRDH2_77010.1
OG0004574	STRK1_102910.1	SRDH2_23230.3, SRDH2_23230.1, SRDH2_23230.2
OG0004575	STRK1_42500.1, STRK1_42510.1, STRK1_42520.2, STRK1_42520.3, STRK1_42520.4, STRK1_42520.1	SRDH2_44920.1
OG0004576	STRK1_96330.1, STRK1_98270.1, STRK1_102700.1	SRDH2_23670.1, SRDH2_23800.1
OG0004577	STRK1_70970.1	SRDH2_78810.1, SRDH2_78810.2, SRDH2_78810.3
OG0004578	STRK1_19610.1, STRK1_19630.1, STRK1_19620.1, STRK1_19640.1	SRDH2_21670.1
OG0004579	STRK1_59080.1	SRDH2_66500.1, SRDH2_66500.2, SRDH2_66500.3, SRDH2_66500.4, SRDH2_66500.5, SRDH2_66500.6, SRDH2_66500.7
OG0004580	STRK1_35580.1, STRK1_35580.2, STRK1_35580.3	SRDH2_32230.1
OG0004581	STRK1_42610.1, STRK1_42610.2	SRDH2_44630.1, SRDH2_44630.2
OG0004582	STRK1_61510.1, STRK1_61510.2, STRK1_61510.3, STRK1_61510.4	SRDH2_61960.1
OG0004583	STRK1_34460.1, STRK1_34460.2, STRK1_34460.3, STRK1_34460.4, STRK1_34460.5	SRDH2_35150.1
OG0004584	STRK1_73490.1	SRDH2_77550.1, SRDH2_77550.2
OG0004585	STRK1_20670.1	SRDH2_22450.1
OG0004586	STRK1_2360.1, STRK1_2350.1	SRDH2_18940.1, SRDH2_18940.2
OG0004587	STRK1_70680.1	SRDH2_72780.1, SRDH2_72780.2, SRDH2_72780.5, SRDH2_72780.3, SRDH2_72780.4
OG0004588	STRK1_72830.1	SRDH2_78450.1
OG0004590	STRK1_92180.1, STRK1_98280.1	SRDH2_97130.1
OG0004591	STRK1_10480.1, STRK1_10490.1	SRDH2_11510.2, SRDH2_11510.1
OG0004592	STRK1_108980.1, STRK1_82460.1	SRDH2_87900.1
OG0004593	STRK1_25240.1	SRDH2_27900.2, SRDH2_27900.3, SRDH2_27900.1
OG0004594	STRK1_75890.1, STRK1_75890.2	SRDH2_77780.1
OG0004595	STRK1_19200.1	SRDH2_21270.3, SRDH2_21270.1, SRDH2_21270.2
OG0004596	STRK1_59290.1	SRDH2_64310.1
OG0004597	STRK1_48950.1, STRK1_48950.2	SRDH2_51030.1
OG0004598	STRK1_34090.1	SRDH2_34770.2, SRDH2_34770.1
OG0004599	STRK1_10890.1	SRDH2_11950.2, SRDH2_11950.3, SRDH2_11950.1
OG0004600	STRK1_39970.1, STRK1_39950.1, STRK1_39960.1	SRDH2_44230.1
OG0004601	STRK1_17320.1	SRDH2_2810.1, SRDH2_2810.2
OG0004602	STRK1_39720.1	SRDH2_41900.2, SRDH2_41900.1, SRDH2_41900.3, SRDH2_41900.4
OG0004603	STRK1_44670.1	SRDH2_47460.1
OG0004604	STRK1_107170.1, STRK1_20230.1	SRDH2_22720.1, SRDH2_22720.2
OG0004605	STRK1_36830.1	SRDH2_29430.1
OG0004606	STRK1_12000.1, STRK1_12000.2	SRDH2_9290.1, SRDH2_9290.2
OG0004608	STRK1_8040.1	SRDH2_14660.1
OG0004609	STRK1_25980.1, STRK1_25980.2, STRK1_25980.4, STRK1_25980.3	SRDH2_27180.1
OG0004610	STRK1_68190.1, STRK1_68190.2, STRK1_68190.3	SRDH2_72250.1, SRDH2_72250.2, SRDH2_72250.3
OG0004611	STRK1_61270.1	SRDH2_63690.1, SRDH2_63690.2
OG0004612	STRK1_67160.1, STRK1_110820.1	SRDH2_70930.1
OG0004613	STRK1_89170.1, STRK1_89170.2	SRDH2_94820.1
OG0004614	STRK1_77610.1	SRDH2_80840.1, SRDH2_80840.2
OG0004615	STRK1_780.1	SRDH2_1450.1, SRDH2_1450.2, SRDH2_1450.3
OG0004616	STRK1_51020.1	SRDH2_49020.1, SRDH2_49020.2, SRDH2_49020.3, SRDH2_49020.4
OG0004617	STRK1_80320.1	SRDH2_84750.1, SRDH2_84750.2
OG0004618	STRK1_6090.1, STRK1_6090.2	SRDH2_6640.1, SRDH2_6640.2, SRDH2_6640.3
OG0004619	STRK1_41020.1, STRK1_103230.1, STRK1_103230.2	SRDH2_43130.1
OG0004620	STRK1_24320.1	SRDH2_28450.1
OG0004621	STRK1_90710.1, STRK1_90710.2	SRDH2_99800.1
OG0004622	STRK1_75930.1	SRDH2_77830.2
OG0004623	STRK1_28860.1	SRDH2_38670.1, SRDH2_38670.2
OG0004624	STRK1_37210.1	SRDH2_42460.1, SRDH2_42460.2
OG0004625	STRK1_64900.1, STRK1_64900.2	SRDH2_69080.1
OG0004627	STRK1_38900.1	SRDH2_41010.1
OG0004628	STRK1_30470.1, STRK1_30470.2, STRK1_30470.3	SRDH2_32800.1
OG0004629	STRK1_86790.1	SRDH2_92840.1, SRDH2_92840.2
OG0004630	STRK1_94350.1, STRK1_94350.2	SRDH2_96680.1
OG0004631	STRK1_64150.1	SRDH2_64910.1
OG0004632	STRK1_63430.1, STRK1_63430.2	SRDH2_66240.1, SRDH2_66240.2, SRDH2_66240.3, SRDH2_66240.4, SRDH2_66240.5, SRDH2_66240.6
OG0004633	STRK1_99870.1, STRK1_99390.1	SRDH2_16020.1
OG0004634	STRK1_85260.1	SRDH2_91800.1
OG0004635	STRK1_45740.1	SRDH2_48460.4, SRDH2_48460.1, SRDH2_48460.2, SRDH2_48460.3, SRDH2_48460.5
OG0004636	STRK1_11930.1	SRDH2_15190.1, SRDH2_15190.2, SRDH2_15190.3
OG0004637	STRK1_79670.1	SRDH2_83910.1, SRDH2_83910.2
OG0004638	STRK1_9720.1	SRDH2_10670.1, SRDH2_10670.2, SRDH2_10720.1
OG0004639	STRK1_82040.1	SRDH2_88140.2, SRDH2_88140.1
OG0004640	STRK1_25760.1, STRK1_25760.2	SRDH2_27400.1
OG0004641	STRK1_52370.1, STRK1_52370.2	SRDH2_52070.1
OG0004642	STRK1_44690.1, STRK1_44720.2, STRK1_44720.1	SRDH2_47440.3, SRDH2_47440.2, SRDH2_47440.4, SRDH2_47440.1
OG0004643	STRK1_9740.1, STRK1_9740.2, STRK1_9740.3	SRDH2_10710.2, SRDH2_10710.1
OG0004644	STRK1_62000.1	SRDH2_67250.1, SRDH2_67250.2, SRDH2_67250.3
OG0004645	STRK1_88010.1, STRK1_88010.2	SRDH2_90960.1
OG0004646	STRK1_71940.1	SRDH2_76980.2, SRDH2_76980.1
OG0004647	STRK1_7980.1	SRDH2_14600.2, SRDH2_14600.1, SRDH2_14600.3
OG0004648	STRK1_52170.1	SRDH2_51880.2, SRDH2_51880.1, SRDH2_51880.3
OG0004649	STRK1_27590.1, STRK1_27590.2, STRK1_27590.3	SRDH2_36010.2, SRDH2_36010.3, SRDH2_36010.1
OG0004650	STRK1_24660.1	SRDH2_24430.1
OG0004651	STRK1_97080.1, STRK1_97080.3, STRK1_97080.2	SRDH2_12090.1
OG0004652	STRK1_79270.1	SRDH2_83090.1, SRDH2_101800.1, SRDH2_101710.1, SRDH2_101790.1
OG0004653	STRK1_85550.1, STRK1_85530.1	SRDH2_91490.1
OG0004654	STRK1_77190.1, STRK1_77190.2	SRDH2_81220.1
OG0004655	STRK1_19050.1	SRDH2_21160.1
OG0004656	STRK1_93710.1	SRDH2_96110.1
OG0004658	STRK1_110320.1, STRK1_110320.2	SRDH2_7560.1
OG0004659	STRK1_13930.1	SRDH2_17660.1, SRDH2_17660.2
OG0004660	STRK1_10100.1	SRDH2_11150.1
OG0004661	STRK1_12890.1, STRK1_12890.2	SRDH2_8230.1
OG0004662	STRK1_39140.1, STRK1_39140.2	SRDH2_41250.1, SRDH2_41250.2, SRDH2_41250.3, SRDH2_41260.1
OG0004663	STRK1_85290.1	SRDH2_91740.1
OG0004664	STRK1_47470.2	SRDH2_52920.3
OG0004665	STRK1_69970.1	SRDH2_73530.1, SRDH2_73530.2
OG0004668	STRK1_53960.1	SRDH2_57110.1, SRDH2_57110.2
OG0004669	STRK1_16130.1	SRDH2_4180.1
OG0004670	STRK1_88510.1, STRK1_88520.1, STRK1_88520.2, STRK1_88520.3	SRDH2_93290.1, SRDH2_93300.1
OG0004671	STRK1_50290.1, STRK1_50290.2, STRK1_50290.3	SRDH2_49730.1
OG0004672	STRK1_44500.1	SRDH2_47290.1, SRDH2_47290.3, SRDH2_47290.2
OG0004674	STRK1_32400.1	SRDH2_31610.1, SRDH2_31610.2, SRDH2_31610.3, SRDH2_31610.4, SRDH2_31610.5
OG0004675	STRK1_29420.1	SRDH2_30950.1, SRDH2_30950.2, SRDH2_30950.3, SRDH2_30950.4, SRDH2_30950.5, SRDH2_30950.6, SRDH2_30950.7, SRDH2_30950.8, SRDH2_30950.9
OG0004676	STRK1_28200.1, STRK1_28200.2	SRDH2_34470.1
OG0004677	STRK1_42790.1	SRDH2_44800.1
OG0004678	STRK1_13960.1	SRDH2_17630.1
OG0004679	STRK1_18350.1, STRK1_98960.1, STRK1_19580.1	SRDH2_20500.1, SRDH2_100210.1, SRDH2_20490.1
OG0004680	STRK1_78470.1, STRK1_78480.1	SRDH2_83240.12, SRDH2_83240.11, SRDH2_83240.10, SRDH2_83240.2, SRDH2_83240.4, SRDH2_83240.1, SRDH2_83240.3, SRDH2_83240.6, SRDH2_83240.8, SRDH2_83240.7, SRDH2_83240.5, SRDH2_83240.9
OG0004681	STRK1_87140.1	SRDH2_94020.1, SRDH2_94010.1, SRDH2_94040.1
OG0004687	STRK1_44360.1, STRK1_95540.1	SRDH2_47020.1, SRDH2_47020.6, SRDH2_47020.3, SRDH2_47020.4, SRDH2_47020.5, SRDH2_47020.2
OG0004688	STRK1_93320.1	SRDH2_98560.1
OG0004689	STRK1_94410.1	SRDH2_96620.1
OG0004691	STRK1_91830.1	SRDH2_96760.1
OG0004692	STRK1_8470.1	SRDH2_15120.1
OG0004693	STRK1_86850.1	SRDH2_92790.1
OG0004694	STRK1_5490.1, STRK1_5490.2	SRDH2_13690.1
OG0004695	STRK1_52530.1	SRDH2_52190.1
OG0004696	STRK1_77880.1	SRDH2_82500.3, SRDH2_82500.1, SRDH2_82500.4, SRDH2_82500.2, SRDH2_82500.5, SRDH2_82500.6
OG0004697	STRK1_73010.1	SRDH2_78190.3, SRDH2_78190.4, SRDH2_78190.1, SRDH2_78190.2
OG0004698	STRK1_30340.1	SRDH2_29970.1
OG0004699	STRK1_76880.1	SRDH2_81650.1
OG0004700	STRK1_89700.1, STRK1_89690.1, STRK1_89700.2, STRK1_89700.3, STRK1_89700.4	SRDH2_95520.1
OG0004701	STRK1_27280.1	SRDH2_29010.6, SRDH2_29010.1, SRDH2_29010.5, SRDH2_29010.2, SRDH2_29010.4, SRDH2_29010.3
OG0004702	STRK1_27790.1	SRDH2_38160.1
OG0004703	STRK1_5750.1, STRK1_5750.2, STRK1_5760.1	SRDH2_6360.1, SRDH2_6350.2, SRDH2_6350.1, SRDH2_6350.3
OG0004704	STRK1_71490.1	SRDH2_75230.1
OG0004705	STRK1_57940.1	SRDH2_61390.1
OG0004706	STRK1_59970.1	SRDH2_62300.2, SRDH2_62300.1, SRDH2_62300.3, SRDH2_62300.5, SRDH2_62300.4
OG0004707	STRK1_21830.1	SRDH2_23620.3, SRDH2_23620.4, SRDH2_23620.5, SRDH2_23680.1, SRDH2_23620.6
OG0004708	STRK1_110520.1, STRK1_90620.1	SRDH2_99380.1, SRDH2_99380.2, SRDH2_99380.3
OG0004709	STRK1_87800.1	SRDH2_91150.1
OG0004710	STRK1_33390.1	SRDH2_37320.2, SRDH2_37320.3, SRDH2_37320.1, SRDH2_37320.4
OG0004711	STRK1_92130.1	SRDH2_97090.1, SRDH2_97090.2
OG0004712	STRK1_60670.1	SRDH2_63020.1, SRDH2_63020.2
OG0004713	STRK1_7970.1	SRDH2_14590.1
OG0004714	STRK1_87630.1, STRK1_87630.2	SRDH2_91230.1
OG0004715	STRK1_86950.1	SRDH2_94190.1, SRDH2_94190.2
OG0004716	STRK1_59920.1	SRDH2_62250.1
OG0004717	STRK1_87720.1	SRDH2_91330.3, SRDH2_91330.1, SRDH2_91330.2
OG0004718	STRK1_35860.1	SRDH2_32500.1
OG0004719	STRK1_74640.1	SRDH2_79430.1
OG0004720	STRK1_61220.1	SRDH2_68660.1
OG0004721	STRK1_66280.1	SRDH2_70130.1, SRDH2_70130.2, SRDH2_70130.3, SRDH2_70130.4
OG0004722	STRK1_110940.1, STRK1_45230.1	SRDH2_48010.1
OG0004723	STRK1_42310.1	SRDH2_45600.1
OG0004724	STRK1_37540.1	SRDH2_42800.1, SRDH2_42800.2, SRDH2_42800.3
OG0004725	STRK1_93030.1, STRK1_93030.2	SRDH2_98830.1
OG0004726	STRK1_68430.1	SRDH2_71800.1
OG0004727	STRK1_71540.1	SRDH2_75200.1
OG0004728	STRK1_80700.1	SRDH2_85210.1
OG0004729	STRK1_12900.1	SRDH2_8220.1
OG0004730	STRK1_87760.1	SRDH2_91200.1, SRDH2_91200.2, SRDH2_91200.3, SRDH2_91200.4
OG0004731	STRK1_19340.1	SRDH2_21520.1
OG0004732	STRK1_12250.1, STRK1_12250.2	SRDH2_8990.2, SRDH2_8990.1
OG0004733	STRK1_66150.1	SRDH2_68400.1, SRDH2_68400.2
OG0004734	STRK1_43080.1	SRDH2_45460.1
OG0004735	STRK1_19150.1, STRK1_19140.1	SRDH2_21090.1
OG0004736	STRK1_75130.1	SRDH2_75650.1
OG0004737	STRK1_6060.1, STRK1_6060.2	SRDH2_6670.1
OG0004738	STRK1_16380.1	SRDH2_3920.1, SRDH2_3920.2
OG0004739	STRK1_44030.1	SRDH2_46960.1
OG0004740	STRK1_52850.1, STRK1_52850.2, STRK1_52890.1, STRK1_52910.1, STRK1_52900.1	SRDH2_56720.1
OG0004741	STRK1_72420.1	SRDH2_80170.1, SRDH2_80170.2
OG0004742	STRK1_84190.1, STRK1_84180.1, STRK1_84200.1, STRK1_103460.1	SRDH2_89350.1
OG0004743	STRK1_27770.1, STRK1_27770.2	SRDH2_38170.1
OG0004744	STRK1_28110.1	SRDH2_37980.1
OG0004745	STRK1_2000.1	SRDH2_19670.1
OG0004746	STRK1_47820.1	SRDH2_54420.1, SRDH2_54420.3, SRDH2_54420.2
OG0004747	STRK1_68320.1	SRDH2_71770.1, SRDH2_71770.2, SRDH2_71770.3
OG0004748	STRK1_1990.1, STRK1_1990.2, STRK1_1990.3	SRDH2_19680.1
OG0004749	STRK1_91110.1	SRDH2_97780.1, SRDH2_97780.2
OG0004750	STRK1_22500.1	SRDH2_26080.1
OG0004751	STRK1_59870.1, STRK1_99280.1, STRK1_96860.1	SRDH2_62200.3, SRDH2_62200.2, SRDH2_62200.1, SRDH2_62200.4
OG0004752	STRK1_7550.1	SRDH2_14190.3, SRDH2_44380.1, SRDH2_14190.4, SRDH2_14190.1, SRDH2_14190.2, SRDH2_14190.5
OG0004753	STRK1_7270.1, STRK1_7270.2, STRK1_7270.3	SRDH2_7650.1
OG0004754	STRK1_56840.1, STRK1_56840.2	SRDH2_58440.1, SRDH2_58440.2
OG0004755	STRK1_88700.1, STRK1_88700.2	SRDH2_94290.1
OG0004756	STRK1_65360.1	SRDH2_63530.1
OG0004757	STRK1_92930.1, STRK1_92930.2	SRDH2_99150.1
OG0004758	STRK1_72120.1	SRDH2_77160.1
OG0004759	STRK1_22400.1	SRDH2_24270.1
OG0004760	STRK1_55270.1, STRK1_56380.1, STRK1_56400.1	SRDH2_60350.1
OG0004761	STRK1_8190.1, STRK1_8190.3, STRK1_8190.2	SRDH2_14820.1
OG0004762	STRK1_90900.1, STRK1_97020.1	SRDH2_98040.1
OG0004763	STRK1_67850.1	SRDH2_72410.1
OG0004764	STRK1_89210.1	SRDH2_94850.1
OG0004765	STRK1_34230.1	SRDH2_34920.2, SRDH2_34920.3, SRDH2_34920.1
OG0004766	STRK1_60580.1	SRDH2_62920.1
OG0004767	STRK1_38680.1, STRK1_38680.2	SRDH2_40740.1
OG0004768	STRK1_16440.1, STRK1_16440.2	SRDH2_3860.1
OG0004769	STRK1_28400.1	SRDH2_34270.1
OG0004770	STRK1_58660.1, STRK1_58660.2, STRK1_58660.3	SRDH2_67910.1
OG0004771	STRK1_49840.1	SRDH2_50140.1
OG0004772	STRK1_77340.1	SRDH2_96960.4, SRDH2_96960.1, SRDH2_96960.2, SRDH2_96960.3, SRDH2_96960.5
OG0004773	STRK1_29690.1	SRDH2_30710.1, SRDH2_30710.2
OG0004774	STRK1_70710.1	SRDH2_72770.1, SRDH2_72770.2
OG0004775	STRK1_37470.1	SRDH2_42730.1
OG0004776	STRK1_34610.1	SRDH2_35310.1
OG0004777	STRK1_74160.2	SRDH2_76770.1
OG0004778	STRK1_54800.1	SRDH2_56240.1
OG0004779	STRK1_2960.1	SRDH2_16180.1
OG0004780	STRK1_4100.1	SRDH2_14160.2, SRDH2_14160.1
OG0004781	STRK1_71850.1	SRDH2_72670.6, SRDH2_72670.9, SRDH2_72670.3, SRDH2_72670.4, SRDH2_72670.8, SRDH2_72670.5, SRDH2_72670.7, SRDH2_72670.2, SRDH2_72670.1
OG0004782	STRK1_74310.1	SRDH2_76630.1
OG0004783	STRK1_107460.1, STRK1_78370.1, STRK1_78380.1	SRDH2_83360.1, SRDH2_83360.2, SRDH2_83360.3
OG0004784	STRK1_80150.1	SRDH2_84580.1
OG0004785	STRK1_95700.1	SRDH2_86560.1, SRDH2_86560.4, SRDH2_86560.2, SRDH2_86560.3
OG0004786	STRK1_44590.1	SRDH2_47360.1, SRDH2_47380.1
OG0004787	STRK1_110910.1	SRDH2_56340.3, SRDH2_56340.4, SRDH2_56340.1, SRDH2_56340.2
OG0004788	STRK1_85350.1	SRDH2_91670.1, SRDH2_91670.3, SRDH2_91670.2
OG0004789	STRK1_59800.1	SRDH2_63740.1
OG0004790	STRK1_18360.1	SRDH2_20540.1, SRDH2_20540.2, SRDH2_20540.3
OG0004791	STRK1_8290.1, STRK1_8290.2	SRDH2_14900.1
OG0004792	STRK1_47520.1	SRDH2_52860.1
OG0004793	STRK1_70000.1	SRDH2_73480.1, SRDH2_73480.2
OG0004794	STRK1_68550.1	SRDH2_72470.1
OG0004795	STRK1_31660.1	SRDH2_36460.1
OG0004796	STRK1_4020.1	SRDH2_19340.1, SRDH2_19340.2
OG0004797	STRK1_92940.1	SRDH2_99160.1
OG0004799	STRK1_92240.1, STRK1_92250.1, STRK1_39390.1	SRDH2_96350.1, SRDH2_96350.2, SRDH2_96350.3
OG0004800	STRK1_3990.1	SRDH2_19310.2, SRDH2_19310.3, SRDH2_19310.5
OG0004801	STRK1_101250.1, STRK1_101250.2	SRDH2_24400.1
OG0004802	STRK1_63580.1	SRDH2_65520.1, SRDH2_65520.2
OG0004803	STRK1_57300.1, STRK1_57300.2	SRDH2_60690.1, SRDH2_60690.2
OG0004804	STRK1_14860.1	SRDH2_16630.1
OG0004805	STRK1_16420.1	SRDH2_3880.2, SRDH2_3880.1
OG0004806	STRK1_46250.1	SRDH2_54160.1
OG0004807	STRK1_48750.1	SRDH2_55790.1
OG0004808	STRK1_72870.1	SRDH2_78390.1
OG0004809	STRK1_48560.1	SRDH2_50990.1
OG0004811	STRK1_38320.5, STRK1_38320.8, STRK1_38320.9, STRK1_38320.7, STRK1_38320.3, STRK1_38320.10, STRK1_38320.2, STRK1_38320.4, STRK1_38320.6, STRK1_38320.1	SRDH2_40140.1
OG0004812	STRK1_34420.1	SRDH2_35110.1
OG0004813	STRK1_86110.1, STRK1_86110.2	SRDH2_92360.1, SRDH2_92360.2
OG0004814	STRK1_3370.1	SRDH2_5790.1, SRDH2_102340.1, SRDH2_102340.2
OG0004816	STRK1_72860.1	SRDH2_78400.1, SRDH2_78400.2
OG0004817	STRK1_79880.1	SRDH2_83560.1, SRDH2_83560.2, SRDH2_83560.3
OG0004818	STRK1_91560.1	SRDH2_95980.1
OG0004819	STRK1_73290.1, STRK1_73300.1	SRDH2_80310.1
OG0004820	STRK1_34910.1	SRDH2_35610.1
OG0004822	STRK1_22160.1	SRDH2_24060.1
OG0004824	STRK1_71620.1, STRK1_71620.2	SRDH2_75120.1
OG0004825	STRK1_107470.1, STRK1_58030.1	SRDH2_61590.1
OG0004826	STRK1_78760.1, STRK1_78560.1	SRDH2_83180.1, SRDH2_83180.2, SRDH2_83180.3, SRDH2_83180.4
OG0004827	STRK1_84030.1	SRDH2_89380.1
OG0004828	STRK1_24670.1	SRDH2_24450.1
OG0004829	STRK1_32890.1, STRK1_32890.2, STRK1_32890.3	SRDH2_32000.1, SRDH2_32000.4, SRDH2_32000.2, SRDH2_32000.3
OG0004830	STRK1_59130.1	SRDH2_66590.1
OG0004831	STRK1_24420.1	SRDH2_28520.1
OG0004832	STRK1_31310.1	SRDH2_34100.3, SRDH2_34100.1, SRDH2_34100.2
OG0004833	STRK1_28280.1, STRK1_28280.2	SRDH2_34390.1
OG0004834	STRK1_31870.1	SRDH2_36680.3, SRDH2_36680.1, SRDH2_36680.2
OG0004835	STRK1_102460.1, STRK1_22970.1, STRK1_22960.1, STRK1_106950.1	SRDH2_25460.1, SRDH2_25460.2
OG0004836	STRK1_82750.1	SRDH2_88400.1
OG0004837	STRK1_11090.1	SRDH2_11770.1
OG0004838	STRK1_74290.1	SRDH2_76650.1
OG0004839	STRK1_91330.1	SRDH2_290.1, SRDH2_290.3, SRDH2_290.2
OG0004840	STRK1_52710.1	SRDH2_52380.1, SRDH2_52380.2, SRDH2_52380.3
OG0004841	STRK1_99470.1, STRK1_62650.1, STRK1_99460.1	SRDH2_65920.1, SRDH2_65920.2
OG0004842	STRK1_70410.1	SRDH2_73000.1
OG0004843	STRK1_33300.1	SRDH2_37410.2, SRDH2_37410.1, SRDH2_37410.3
OG0004844	STRK1_1620.1	SRDH2_2000.1, SRDH2_2000.2, SRDH2_2000.3
OG0004845	STRK1_1610.1	SRDH2_2010.1
OG0004846	STRK1_77440.1	SRDH2_81000.1
OG0004847	STRK1_67590.1	SRDH2_71590.4, SRDH2_71590.1, SRDH2_71590.2, SRDH2_71590.3
OG0004849	STRK1_43470.1, STRK1_43460.1	SRDH2_46440.1
OG0004850	STRK1_58680.1	SRDH2_67890.1
OG0004851	STRK1_1930.1, STRK1_96540.1, STRK1_96540.2	SRDH2_19730.2, SRDH2_19730.3, SRDH2_19730.1, SRDH2_19730.4
OG0004852	STRK1_46890.1	SRDH2_53510.3, SRDH2_53510.1, SRDH2_53510.2, SRDH2_53510.4, SRDH2_53510.5
OG0004853	STRK1_23320.1	SRDH2_25330.2, SRDH2_25330.1
OG0004854	STRK1_88760.1	SRDH2_94340.1, SRDH2_94340.2, SRDH2_94340.3
OG0004855	STRK1_34150.1	SRDH2_34840.1, SRDH2_34840.2, SRDH2_34840.3
OG0004856	STRK1_76340.1, STRK1_76340.2, STRK1_76340.3	SRDH2_80620.1
OG0004857	STRK1_44040.1, STRK1_95200.1, STRK1_95830.1	SRDH2_46990.4, SRDH2_46990.3, SRDH2_46990.2, SRDH2_46990.1
OG0004858	STRK1_77000.1	SRDH2_81560.1
OG0004859	STRK1_64560.1	SRDH2_69390.2, SRDH2_69390.1, SRDH2_69390.3, SRDH2_69390.4
OG0004860	STRK1_45950.1	SRDH2_48650.3, SRDH2_48650.1, SRDH2_48650.2
OG0004861	STRK1_25520.1, STRK1_25520.2, STRK1_25520.3, STRK1_25520.4, STRK1_25520.5	SRDH2_27660.1
OG0004862	STRK1_54570.1	SRDH2_51530.1, SRDH2_51530.2
OG0004863	STRK1_90440.1, STRK1_90440.2	SRDH2_97370.1
OG0004864	STRK1_35330.1, STRK1_35330.2	SRDH2_35990.3, SRDH2_35990.2, SRDH2_35990.1, SRDH2_35990.4
OG0004865	STRK1_24490.1	SRDH2_24380.1
OG0004866	STRK1_63460.1, STRK1_63500.1	SRDH2_66260.1
OG0004867	STRK1_57670.1, STRK1_98390.1	SRDH2_61270.3, SRDH2_61270.4, SRDH2_61270.5, SRDH2_61270.1, SRDH2_61270.2
OG0004868	STRK1_3560.1	SRDH2_6060.1
OG0004869	STRK1_13900.1, STRK1_13900.2	SRDH2_17700.1
OG0004870	STRK1_78420.1, STRK1_102210.1	SRDH2_83290.1
OG0004871	STRK1_12520.1	SRDH2_8680.2, SRDH2_8680.1
OG0004872	STRK1_19720.1	SRDH2_22820.1
OG0004873	STRK1_41700.1	SRDH2_41990.2
OG0004874	STRK1_16950.1	SRDH2_3260.1
OG0004875	STRK1_17100.1	SRDH2_3110.2, SRDH2_3110.1, SRDH2_3110.3
OG0004876	STRK1_54580.1	SRDH2_56150.1
OG0004877	STRK1_79380.1	SRDH2_84270.1
OG0004878	STRK1_67670.1	SRDH2_71470.2, SRDH2_71470.1, SRDH2_71470.3
OG0004879	STRK1_58020.2, STRK1_58020.1, STRK1_58070.1	SRDH2_61600.3, SRDH2_61600.1, SRDH2_61600.2
OG0004880	STRK1_14390.1	SRDH2_17130.1, SRDH2_17130.2
OG0004881	STRK1_11360.1, STRK1_11360.2	SRDH2_13060.1
OG0004882	STRK1_1400.1, STRK1_1400.2	SRDH2_2320.1, SRDH2_2320.2, SRDH2_2320.3
OG0004883	STRK1_8900.1, STRK1_8920.1	SRDH2_9760.1, SRDH2_9760.2, SRDH2_9760.3, SRDH2_9760.4
OG0004884	STRK1_96490.1, STRK1_80270.1	SRDH2_84700.1, SRDH2_84700.2
OG0004885	STRK1_110030.1, STRK1_310.1	SRDH2_830.1
OG0004886	STRK1_3610.1	SRDH2_6140.1
OG0004887	STRK1_46840.1	SRDH2_53560.3, SRDH2_53560.2, SRDH2_53560.1
OG0004888	STRK1_78430.1, STRK1_107100.1, STRK1_105260.1	SRDH2_83280.1
OG0004889	STRK1_53140.1	SRDH2_58220.1
OG0004890	STRK1_109630.1, STRK1_85380.1	SRDH2_91770.1
OG0004891	STRK1_29170.1	SRDH2_31190.1, SRDH2_31190.2
OG0004892	STRK1_70640.1	SRDH2_72830.1, SRDH2_72830.3, SRDH2_72830.2
OG0004893	STRK1_1820.1, STRK1_1820.2	SRDH2_19850.1
OG0004894	STRK1_101390.1, STRK1_53170.1	SRDH2_58190.1
OG0004895	STRK1_89790.1	SRDH2_95360.1
OG0004896	STRK1_28690.1	SRDH2_38890.1
OG0004897	STRK1_9760.1, STRK1_9760.2, STRK1_9760.3	SRDH2_10750.1
OG0004898	STRK1_44950.1	SRDH2_47670.1
OG0004899	STRK1_45820.1	SRDH2_48560.1
OG0004900	STRK1_25550.1	SRDH2_27630.3, SRDH2_27630.1, SRDH2_27630.2
OG0004901	STRK1_45790.1	SRDH2_48490.4, SRDH2_48490.2, SRDH2_48490.3, SRDH2_48490.5, SRDH2_48490.1
OG0004902	STRK1_28020.1, STRK1_108150.1, STRK1_109140.1	SRDH2_37880.1
OG0004903	STRK1_64190.1, STRK1_64190.2	SRDH2_64860.1, SRDH2_64860.2
OG0004904	STRK1_101060.1, STRK1_61720.1, STRK1_96850.1	SRDH2_66930.1
OG0004906	STRK1_8220.1	SRDH2_14840.1
OG0004907	STRK1_57010.1	SRDH2_60940.1
OG0004908	STRK1_36560.1	SRDH2_29770.1
OG0004909	STRK1_7830.1	SRDH2_14440.1
OG0004910	STRK1_97330.1, STRK1_19260.1	SRDH2_21310.1
OG0004911	STRK1_240.1	SRDH2_760.1
OG0004912	STRK1_86580.1, STRK1_86580.2	SRDH2_93040.1
OG0004913	STRK1_56500.1	SRDH2_58940.1
OG0004914	STRK1_60180.1	SRDH2_62490.1
OG0004915	STRK1_105770.1	SRDH2_23110.1
OG0004916	STRK1_14130.1	SRDH2_17470.1
OG0004917	STRK1_36270.1	SRDH2_33110.1
OG0004918	STRK1_83350.1	SRDH2_89000.1
OG0004919	STRK1_46910.1	SRDH2_53490.2, SRDH2_53490.1, SRDH2_53490.3
OG0004920	STRK1_80520.1	SRDH2_84980.1
OG0004921	STRK1_46520.1	SRDH2_53950.1, SRDH2_53940.1
OG0004922	STRK1_73860.1	SRDH2_79220.1
OG0004923	STRK1_1520.1	SRDH2_2140.1
OG0004924	STRK1_23000.1	SRDH2_25490.1, SRDH2_25490.2
OG0004925	STRK1_53920.1	SRDH2_57150.2, SRDH2_57150.1, SRDH2_57150.3, SRDH2_57150.4
OG0004926	STRK1_69330.1	SRDH2_74250.1, SRDH2_74250.2
OG0004927	STRK1_86070.1	SRDH2_92320.1, SRDH2_92320.2, SRDH2_92320.3
OG0004928	STRK1_62810.1, STRK1_62810.2	SRDH2_69880.1, SRDH2_69880.2, SRDH2_69880.3
OG0004929	STRK1_48010.1	SRDH2_55290.1
OG0004930	STRK1_103860.1, STRK1_101900.1	SRDH2_81530.1, SRDH2_81530.2
OG0004931	STRK1_37520.1	SRDH2_42780.1
OG0004932	STRK1_20840.1	SRDH2_22100.1
OG0004934	STRK1_96920.1	SRDH2_44450.1
OG0004935	STRK1_36160.1, STRK1_36160.2	SRDH2_33240.2, SRDH2_33240.3, SRDH2_33240.1, SRDH2_33240.4
OG0004936	STRK1_88720.1, STRK1_88730.1	SRDH2_94310.1
OG0004937	STRK1_88710.1, STRK1_88710.2, STRK1_88710.3	SRDH2_94300.1
OG0004938	STRK1_51170.1, STRK1_51190.1	SRDH2_48870.1
OG0004939	STRK1_80750.1, STRK1_80750.2	SRDH2_85270.1, SRDH2_85250.1
OG0004940	STRK1_47090.1	SRDH2_53290.1
OG0004941	STRK1_64160.1	SRDH2_64890.1
OG0004942	STRK1_58930.1	SRDH2_66360.1
OG0004943	STRK1_105430.1	SRDH2_61940.1
OG0004944	STRK1_53010.1	SRDH2_58320.1
OG0004945	STRK1_31830.1	SRDH2_36630.1
OG0004946	STRK1_31180.1, STRK1_31180.2	SRDH2_33990.1
OG0004947	STRK1_30500.3, STRK1_30500.4, STRK1_30500.1, STRK1_30500.2	SRDH2_33320.1
OG0004948	STRK1_107920.1	SRDH2_32980.1, SRDH2_32980.2
OG0004949	STRK1_81310.1, STRK1_81320.1	SRDH2_86650.3, SRDH2_86650.6, SRDH2_86650.7, SRDH2_86650.8, SRDH2_86650.1, SRDH2_86650.2, SRDH2_86650.5, SRDH2_86650.4
OG0004950	STRK1_45040.1	SRDH2_47770.1
OG0004952	STRK1_47400.2, STRK1_47400.1, STRK1_47400.3	SRDH2_52980.2, SRDH2_52980.4, SRDH2_52980.1, SRDH2_52980.3
OG0004953	STRK1_62800.1	SRDH2_69890.1, SRDH2_69890.2
OG0004954	STRK1_30130.1	SRDH2_30260.1, SRDH2_30260.2, SRDH2_30260.3, SRDH2_30260.4
OG0004955	STRK1_25150.1, STRK1_25150.2, STRK1_25150.3, STRK1_25150.4	SRDH2_27970.1
OG0004958	STRK1_8050.1	SRDH2_14670.1, SRDH2_14670.2
OG0004959	STRK1_11840.1, STRK1_11840.2, STRK1_11840.3	SRDH2_15280.1, SRDH2_15280.2
OG0004960	STRK1_20810.1, STRK1_20810.2	SRDH2_22550.1
OG0004961	STRK1_7450.1	SRDH2_7850.1
OG0004971	STRK1_33350.1	SRDH2_37370.1, SRDH2_37370.2, SRDH2_37370.3
OG0004972	STRK1_15430.1	SRDH2_7320.1, SRDH2_7260.1
OG0004973	STRK1_94420.1	SRDH2_96610.1
OG0004974	STRK1_50350.1, STRK1_50350.2	SRDH2_49640.3, SRDH2_49640.1, SRDH2_49640.2
OG0004975	STRK1_69740.1	SRDH2_73790.3, SRDH2_73790.7, SRDH2_73790.2, SRDH2_73790.4, SRDH2_73790.1, SRDH2_73790.5, SRDH2_73790.6
OG0004976	STRK1_92320.1, STRK1_92320.2	SRDH2_99520.1, SRDH2_99520.2
OG0004977	STRK1_58390.1, STRK1_58400.1	SRDH2_61860.1
OG0004978	STRK1_56620.1	SRDH2_58660.1
OG0004979	STRK1_54770.1	SRDH2_56280.1
OG0004980	STRK1_29700.1	SRDH2_30700.1
OG0004982	STRK1_83100.1	SRDH2_88470.1, SRDH2_88470.2, SRDH2_88470.3
OG0004983	STRK1_80720.1	SRDH2_85200.1
OG0004984	STRK1_32250.1	SRDH2_37100.1
OG0004985	STRK1_72980.1	SRDH2_78230.1
OG0004986	STRK1_29800.1	SRDH2_30610.1
OG0004987	STRK1_42300.1	SRDH2_45610.1
OG0004988	STRK1_16090.1	SRDH2_4220.1
OG0004989	STRK1_67760.1	SRDH2_71410.1, SRDH2_71420.1
OG0004990	STRK1_3810.1	SRDH2_19510.1
OG0004991	STRK1_6860.1	SRDH2_5220.1
OG0004992	STRK1_81220.1	SRDH2_86580.1, SRDH2_86580.2
OG0004993	STRK1_39830.1	SRDH2_44350.2, SRDH2_44350.1, SRDH2_44350.3
OG0004994	STRK1_51390.1, STRK1_51390.2	SRDH2_48670.1, SRDH2_48670.2
OG0004995	STRK1_32500.1	SRDH2_40390.1, SRDH2_40380.1
OG0004996	STRK1_62530.1	SRDH2_65870.1, SRDH2_65870.2, SRDH2_65870.3
OG0004997	STRK1_79110.1, STRK1_79130.1	SRDH2_83050.1
OG0004998	STRK1_6490.1, STRK1_99040.1	SRDH2_4850.1
OG0004999	STRK1_86090.1	SRDH2_92340.1, SRDH2_92340.2
OG0005000	STRK1_53780.1	SRDH2_57300.1, SRDH2_57300.2
OG0005001	STRK1_94120.1, STRK1_94120.2	SRDH2_86010.1
OG0005002	STRK1_16160.1	SRDH2_4160.1, SRDH2_4160.5, SRDH2_4160.2, SRDH2_4160.3, SRDH2_4160.4
OG0005003	STRK1_26380.1	SRDH2_26800.1
OG0005004	STRK1_60750.1	SRDH2_63130.1, SRDH2_63130.2
OG0005005	STRK1_28990.1	SRDH2_38550.1, SRDH2_38550.2
OG0005006	STRK1_59610.1	SRDH2_63910.1, SRDH2_63910.2, SRDH2_63910.3, SRDH2_63910.4
OG0005007	STRK1_38150.1, STRK1_38160.1	SRDH2_39970.1
OG0005008	STRK1_111440.1	SRDH2_90940.1, SRDH2_90940.2
OG0005009	STRK1_27620.1	SRDH2_38310.1, SRDH2_38310.2
OG0005010	STRK1_36710.1, STRK1_36710.2	SRDH2_29550.1, SRDH2_29550.2
OG0005011	STRK1_27000.1	SRDH2_28730.1, SRDH2_28730.3, SRDH2_28730.2
OG0005012	STRK1_97120.1, STRK1_97120.2, STRK1_97120.3	SRDH2_24860.1
OG0005013	STRK1_28180.1	SRDH2_38040.1
OG0005014	STRK1_80050.1	SRDH2_84450.1
OG0005015	STRK1_100940.1, STRK1_31140.1	SRDH2_33930.1, SRDH2_33930.2, SRDH2_33930.3, SRDH2_33930.4
OG0005016	STRK1_55520.1	SRDH2_60010.1
OG0005017	STRK1_97030.1	SRDH2_98060.1
OG0005018	STRK1_23440.1	SRDH2_25200.1
OG0005019	STRK1_83450.1	SRDH2_88920.1
OG0005020	STRK1_108940.1, STRK1_42160.1	SRDH2_45370.1
OG0005021	STRK1_50320.1, STRK1_50320.2, STRK1_50320.3	SRDH2_49670.1
OG0005022	STRK1_23240.1, STRK1_23260.1, STRK1_23250.1	SRDH2_25360.1
OG0005023	STRK1_83610.1	SRDH2_89050.1
OG0005024	STRK1_4900.1	SRDH2_12570.1, SRDH2_12570.2, SRDH2_12550.1, SRDH2_12550.2
OG0005025	STRK1_8460.1	SRDH2_15110.1
OG0005026	STRK1_64080.1, STRK1_64070.1	SRDH2_64980.1
OG0005027	STRK1_32210.1	SRDH2_37060.1
OG0005028	STRK1_85250.1	SRDH2_91810.1
OG0005029	STRK1_83120.1	SRDH2_88450.1
OG0005030	STRK1_24970.4, STRK1_24970.1, STRK1_24970.2, STRK1_24970.3	SRDH2_24710.1
OG0005031	STRK1_27090.1	SRDH2_28830.1, SRDH2_28830.2, SRDH2_28830.3
OG0005032	STRK1_98880.1, STRK1_24890.1, STRK1_98870.1, STRK1_24900.1	SRDH2_24640.1
OG0005033	STRK1_3900.1	SRDH2_19200.1
OG0005034	STRK1_30210.1, STRK1_30210.2	SRDH2_30170.2, SRDH2_30170.3, SRDH2_30170.4, SRDH2_30170.1
OG0005035	STRK1_55570.1, STRK1_55570.2	SRDH2_59930.1
OG0005036	STRK1_61360.1	SRDH2_62130.1
OG0005037	STRK1_35270.1	SRDH2_35940.3, SRDH2_35940.1, SRDH2_35940.2, SRDH2_35940.4, SRDH2_35940.5
OG0005038	STRK1_46770.1	SRDH2_53630.1
OG0005039	STRK1_99150.1	SRDH2_60320.1
OG0005040	STRK1_48200.1, STRK1_48220.1, STRK1_48210.1	SRDH2_55530.1
OG0005041	STRK1_55890.1	SRDH2_59140.1
OG0005042	STRK1_33860.1	SRDH2_34530.1, SRDH2_34530.3, SRDH2_34530.2, SRDH2_34530.4
OG0005043	STRK1_64000.1	SRDH2_65140.1, SRDH2_65140.2
OG0005044	STRK1_82450.1	SRDH2_87890.1
OG0005045	STRK1_38060.1	SRDH2_39910.1
OG0005046	STRK1_53110.1	SRDH2_58240.1
OG0005047	STRK1_90700.1	SRDH2_99810.1
OG0005048	STRK1_91190.1	SRDH2_400.1
OG0005049	STRK1_83670.1	SRDH2_89150.1
OG0005050	STRK1_5340.1	SRDH2_13590.1
OG0005051	STRK1_8780.1	SRDH2_9460.1, SRDH2_9460.3, SRDH2_9460.2
OG0005052	STRK1_88570.1	SRDH2_92640.1
OG0005053	STRK1_36420.1	SRDH2_32920.1
OG0005054	STRK1_94880.1, STRK1_94880.2, STRK1_94880.3	SRDH2_96480.1
OG0005055	STRK1_1600.1	SRDH2_2030.1, SRDH2_2030.2
OG0005056	STRK1_27360.1	SRDH2_29080.1, SRDH2_29080.2
OG0005057	STRK1_39700.1	SRDH2_41880.1, SRDH2_41880.2
OG0005058	STRK1_46870.1, STRK1_46870.2	SRDH2_53530.2, SRDH2_53530.1, SRDH2_53530.4, SRDH2_53530.3
OG0005059	STRK1_15180.1	SRDH2_16340.1
OG0005060	STRK1_31560.1	SRDH2_36350.1, SRDH2_36350.2
OG0005061	STRK1_89540.1	SRDH2_95580.1
OG0005062	STRK1_29440.1	SRDH2_30930.1
OG0005063	STRK1_40710.1	SRDH2_43510.1
OG0005064	STRK1_79780.1	SRDH2_83800.1
OG0005065	STRK1_7630.1	SRDH2_14090.1
OG0005066	STRK1_74860.1, STRK1_74860.2, STRK1_74860.3	SRDH2_79660.1
OG0005067	STRK1_31030.1	SRDH2_33790.1, SRDH2_33790.2
OG0005068	STRK1_69160.1	SRDH2_74480.1
OG0005069	STRK1_30180.1	SRDH2_30200.1
OG0005070	STRK1_12810.1	SRDH2_8320.1
OG0005071	STRK1_23230.1	SRDH2_25370.1, SRDH2_25370.2
OG0005072	STRK1_29900.1	SRDH2_30520.1
OG0005073	STRK1_16980.1	SRDH2_3230.1
OG0005074	STRK1_12150.1	SRDH2_9090.3, SRDH2_9090.2, SRDH2_9090.1
OG0005075	STRK1_93270.1	SRDH2_98620.1
OG0005076	STRK1_34660.1, STRK1_34660.2	SRDH2_35340.1
OG0005077	STRK1_55080.1	SRDH2_56630.1
OG0005078	STRK1_69010.1	SRDH2_74610.1, SRDH2_74610.2, SRDH2_74610.3, SRDH2_74610.4, SRDH2_74610.5
OG0005079	STRK1_33570.1	SRDH2_37490.1
OG0005080	STRK1_12680.1	SRDH2_8500.1
OG0005081	STRK1_12650.1	SRDH2_8540.1
OG0005082	STRK1_34930.1	SRDH2_35630.1, SRDH2_35630.2, SRDH2_35630.3
OG0005083	STRK1_104410.1	SRDH2_43180.1
OG0005084	STRK1_93190.1	SRDH2_98690.1
OG0005085	STRK1_7490.1	SRDH2_14140.4, SRDH2_14140.3, SRDH2_14140.2, SRDH2_14140.1
OG0005086	STRK1_66800.1	SRDH2_70340.1
OG0005087	STRK1_75230.1	SRDH2_75760.1
OG0005088	STRK1_15500.1	SRDH2_7140.1
OG0005089	STRK1_71950.1	SRDH2_76990.1, SRDH2_76990.2
OG0005090	STRK1_62020.1	SRDH2_67270.1, SRDH2_67270.2
OG0005091	STRK1_8280.1	SRDH2_14890.1
OG0005092	STRK1_99110.1	SRDH2_25440.2, SRDH2_25440.1
OG0005094	STRK1_75880.1	SRDH2_77770.1
OG0005095	STRK1_16280.1	SRDH2_1060.1, SRDH2_4020.1
OG0005097	STRK1_91080.1, STRK1_91090.1	SRDH2_97840.1
OG0005098	STRK1_54970.1	SRDH2_56550.1, SRDH2_56550.2
OG0005099	STRK1_87080.1, STRK1_96830.1	SRDH2_94050.1
OG0005100	STRK1_89460.1, STRK1_89460.2	SRDH2_95140.1
OG0005101	STRK1_62580.1	SRDH2_52340.1, SRDH2_52340.2
OG0005102	STRK1_59960.1	SRDH2_62290.1
OG0005103	STRK1_74350.1, STRK1_74380.2, STRK1_74380.1	SRDH2_76610.1
OG0005104	STRK1_44300.1	SRDH2_47090.1
OG0005105	STRK1_76010.1	SRDH2_77910.2, SRDH2_77910.1, SRDH2_77910.3, SRDH2_77910.4
OG0005106	STRK1_46640.1	SRDH2_53770.1
OG0005107	STRK1_29060.1	SRDH2_31320.1
OG0005108	STRK1_106660.1, STRK1_82050.1	SRDH2_88130.1
OG0005109	STRK1_80570.1	SRDH2_85010.1
OG0005111	STRK1_51690.1	SRDH2_54740.1
OG0005112	STRK1_600.1	SRDH2_1150.1, SRDH2_1140.1
OG0005113	STRK1_69230.1	SRDH2_74400.1
OG0005114	STRK1_12300.1	SRDH2_8940.1, SRDH2_8940.2, SRDH2_8940.3
OG0005115	STRK1_60340.1, STRK1_60340.2	SRDH2_62640.2, SRDH2_62640.1
OG0005116	STRK1_40440.1	SRDH2_43780.1
OG0005117	STRK1_220.1	SRDH2_740.1, SRDH2_740.2
OG0005118	STRK1_88780.1	SRDH2_94360.2, SRDH2_94360.1
OG0005119	STRK1_65900.1, STRK1_65890.1	SRDH2_68220.1
OG0005120	STRK1_82060.1	SRDH2_88120.2, SRDH2_88120.3, SRDH2_88120.1
OG0005121	STRK1_70460.1	SRDH2_72990.1
OG0005122	STRK1_89480.1	SRDH2_95230.1, SRDH2_95160.1
OG0005123	STRK1_66390.1	SRDH2_70020.1
OG0005124	STRK1_750.1, STRK1_104160.1	SRDH2_1340.1, SRDH2_100430.1, SRDH2_100440.1, SRDH2_100440.2
OG0005125	STRK1_1160.1, STRK1_1160.2	SRDH2_1780.1
OG0005126	STRK1_57120.1	SRDH2_60820.1
OG0005127	STRK1_34580.1	SRDH2_35270.1
OG0005128	STRK1_55720.1	SRDH2_59830.1
OG0005130	STRK1_20490.1	SRDH2_22340.1
OG0005131	STRK1_51150.1, STRK1_51150.2, STRK1_51150.3	SRDH2_48890.1
OG0005132	STRK1_14110.1	SRDH2_17490.4, SRDH2_17490.1, SRDH2_17490.2, SRDH2_17490.3
OG0005133	STRK1_48620.1	SRDH2_55910.1
OG0005134	STRK1_52240.1	SRDH2_51940.1
OG0005135	STRK1_40870.1	SRDH2_43380.1, SRDH2_43380.2
OG0005136	STRK1_100030.1, STRK1_70890.1	SRDH2_78880.3, SRDH2_78880.2, SRDH2_78880.1
OG0005137	STRK1_77760.1	SRDH2_82640.1
OG0005138	STRK1_13440.1, STRK1_106700.1, STRK1_13430.1	SRDH2_18200.1
OG0005139	STRK1_33890.1	SRDH2_34560.1
OG0005140	STRK1_22700.2, STRK1_22700.1	SRDH2_25860.1
OG0005141	STRK1_90780.1	SRDH2_98190.1
OG0005142	STRK1_50030.1	SRDH2_49940.2, SRDH2_49940.1
OG0005143	STRK1_34890.1	SRDH2_35590.1
OG0005144	STRK1_75390.1, STRK1_75390.2, STRK1_75390.3, STRK1_75390.4, STRK1_75390.5	SRDH2_75880.1, SRDH2_75880.2
OG0005145	STRK1_6420.1	SRDH2_4750.1
OG0005146	STRK1_1840.2, STRK1_1840.1	SRDH2_19820.1
OG0005147	STRK1_52280.1	SRDH2_51980.1
OG0005148	STRK1_51420.1	SRDH2_55080.1
OG0005149	STRK1_9200.1, STRK1_9200.2, STRK1_9200.3	SRDH2_10120.1, SRDH2_10120.2, SRDH2_101550.1
OG0005150	STRK1_31670.1, STRK1_31670.3, STRK1_31670.2	SRDH2_36470.1
OG0005151	STRK1_79450.1, STRK1_79450.2	SRDH2_84190.1, SRDH2_84190.2, SRDH2_84190.4, SRDH2_84190.5, SRDH2_84190.3
OG0005152	STRK1_13040.1, STRK1_13040.2	SRDH2_8080.1, SRDH2_8080.2
OG0005153	STRK1_87680.1, STRK1_87680.2	SRDH2_91300.2, SRDH2_91300.1, SRDH2_91300.3
OG0005154	STRK1_53730.1	SRDH2_57360.1
OG0005155	STRK1_3480.1	SRDH2_5910.1
OG0005156	STRK1_69820.1	SRDH2_73690.1
OG0005157	STRK1_91420.1	SRDH2_180.1
OG0005158	STRK1_102490.1	SRDH2_89560.1
OG0005159	STRK1_40480.1	SRDH2_43740.1, SRDH2_43740.2, SRDH2_43740.3, SRDH2_43740.4, SRDH2_43740.5
OG0005160	STRK1_37330.1	SRDH2_42590.1
OG0005161	STRK1_109030.1, STRK1_106510.1, STRK1_108210.1	SRDH2_30070.1
OG0005162	STRK1_5990.1, STRK1_6000.1	SRDH2_6410.1
OG0005163	STRK1_74960.1	SRDH2_79810.1
OG0005164	STRK1_22370.1	SRDH2_24230.3, SRDH2_24230.1, SRDH2_24230.2
OG0005165	STRK1_94970.1	SRDH2_96590.1
OG0005166	STRK1_50820.1	SRDH2_49210.1
OG0005167	STRK1_78180.1, STRK1_78180.2, STRK1_78180.3	SRDH2_82410.1, SRDH2_82400.1
OG0005168	STRK1_50100.1, STRK1_50110.1	SRDH2_49880.1
OG0005169	STRK1_42700.1	SRDH2_44690.1
OG0005170	STRK1_40140.1	SRDH2_44040.1
OG0005171	STRK1_15360.1	SRDH2_5380.2, SRDH2_5380.1, SRDH2_100.1
OG0005172	STRK1_46110.1	SRDH2_54330.1
OG0005174	STRK1_83520.1	SRDH2_88850.1
OG0005175	STRK1_92600.1, STRK1_92590.1, STRK1_92610.1	SRDH2_99240.1
OG0005177	STRK1_72600.1	SRDH2_80020.1
OG0005178	STRK1_64510.1, STRK1_64520.1	SRDH2_69460.1
OG0005179	STRK1_93800.1	SRDH2_85630.1
OG0005180	STRK1_19320.1	SRDH2_21540.1
OG0005181	STRK1_80190.1	SRDH2_84640.1, SRDH2_84640.2
OG0005182	STRK1_43640.1	SRDH2_46050.1
OG0005183	STRK1_55640.1, STRK1_55640.2	SRDH2_59880.1, SRDH2_59880.2
OG0005184	STRK1_58220.1, STRK1_58220.2	SRDH2_61740.1
OG0005185	STRK1_69430.1, STRK1_69430.2	SRDH2_74060.1
OG0005186	STRK1_58890.1	SRDH2_65590.1
OG0005187	STRK1_103920.1, STRK1_103930.1, STRK1_103930.2, STRK1_103930.3	SRDH2_1090.1, SRDH2_1090.2
OG0005188	STRK1_84460.1	SRDH2_90530.1
OG0005189	STRK1_36910.1	SRDH2_29340.1
OG0005190	STRK1_75240.1	SRDH2_75770.1
OG0005191	STRK1_77070.1	SRDH2_81480.1
OG0005193	STRK1_79330.1	SRDH2_84350.1
OG0005194	STRK1_72550.1	SRDH2_80060.1
OG0005195	STRK1_31170.1, STRK1_31170.2	SRDH2_33980.1
OG0005196	STRK1_55810.1	SRDH2_59740.1, SRDH2_59740.2
OG0005198	STRK1_44760.1, STRK1_104950.1	SRDH2_47480.1
OG0005199	STRK1_97620.1	SRDH2_90540.1
OG0005200	STRK1_54660.1	SRDH2_51490.1
OG0005201	STRK1_80510.1	SRDH2_84970.1, SRDH2_84970.3, SRDH2_84970.2
OG0005202	STRK1_101720.1, STRK1_109520.1	SRDH2_25390.2, SRDH2_25390.3, SRDH2_25390.1
OG0005203	STRK1_110600.1, STRK1_38750.1	SRDH2_40830.2, SRDH2_40830.1
OG0005204	STRK1_14730.1, STRK1_14730.2	SRDH2_16810.1
OG0005205	STRK1_16480.1	SRDH2_3820.1
OG0005206	STRK1_46680.1, STRK1_46680.2	SRDH2_53700.1
OG0005207	STRK1_80390.1	SRDH2_84840.1
OG0005208	STRK1_48730.1	SRDH2_55810.1
OG0005209	STRK1_66820.1	SRDH2_70640.1, SRDH2_70640.2
OG0005210	STRK1_13590.1	SRDH2_18100.1
OG0005211	STRK1_48890.1	SRDH2_55670.1
OG0005212	STRK1_12460.1	SRDH2_8750.1
OG0005213	STRK1_93840.1	SRDH2_85570.3, SRDH2_85570.4, SRDH2_85570.2, SRDH2_85570.1
OG0005214	STRK1_6170.1	SRDH2_6790.1
OG0005215	STRK1_74150.1	SRDH2_76780.1, SRDH2_76780.2
OG0005216	STRK1_1540.1	SRDH2_2120.1
OG0005217	STRK1_71040.1	SRDH2_78710.1, SRDH2_78710.2
OG0005218	STRK1_85540.1	SRDH2_91500.1
OG0005219	STRK1_12190.1	SRDH2_9050.1, SRDH2_9050.2, SRDH2_9050.3
OG0005220	STRK1_6380.1, STRK1_6380.2, STRK1_6380.3	SRDH2_4700.2, SRDH2_4700.3
OG0005221	STRK1_41400.1	SRDH2_39210.1
OG0005222	STRK1_106190.1	SRDH2_350.1
OG0005223	STRK1_100880.1, STRK1_70220.1	SRDH2_73240.1
OG0005224	STRK1_65910.1	SRDH2_68230.2, SRDH2_68230.1
OG0005225	STRK1_36620.1, STRK1_36620.2	SRDH2_29700.2, SRDH2_29700.3, SRDH2_29700.1
OG0005226	STRK1_101730.1	SRDH2_25400.1
OG0005227	STRK1_7230.1	SRDH2_7590.1, SRDH2_7590.2, SRDH2_7590.3
OG0005229	STRK1_370.1, STRK1_420.1	SRDH2_860.1
OG0005230	STRK1_45890.1, STRK1_45890.2	SRDH2_48590.1
OG0005231	STRK1_40010.1	SRDH2_44200.3, SRDH2_44200.2, SRDH2_44200.6, SRDH2_44200.1, SRDH2_44200.4, SRDH2_44200.5
OG0005232	STRK1_2590.1, STRK1_2590.2	SRDH2_18700.6, SRDH2_18700.1, SRDH2_18700.2, SRDH2_18700.5, SRDH2_18700.4, SRDH2_18700.3, SRDH2_18700.9, SRDH2_18700.7, SRDH2_18700.8
OG0005233	STRK1_19290.1	SRDH2_21590.1
OG0005234	STRK1_4530.1	SRDH2_15760.3, SRDH2_15760.1, SRDH2_15760.2
OG0005235	STRK1_20180.1	SRDH2_23050.1
OG0005235	STRK1_20190.1	SRDH2_23040.1
OG0005236	STRK1_87750.1, STRK1_87750.2	SRDH2_91220.1
OG0005237	STRK1_81830.1	SRDH2_87390.1
OG0005238	STRK1_27520.1	SRDH2_36070.1
OG0005239	STRK1_46070.1	SRDH2_54930.1
OG0005240	STRK1_63780.1	SRDH2_65280.5, SRDH2_65280.2, SRDH2_65280.3, SRDH2_65280.4, SRDH2_65280.6, SRDH2_65280.7, SRDH2_65280.1
OG0005241	STRK1_63470.1	SRDH2_66300.1, SRDH2_66300.2
OG0005242	STRK1_64180.3, STRK1_64180.1, STRK1_64180.2	SRDH2_64870.1
OG0005243	STRK1_67050.3, STRK1_67050.1, STRK1_67050.2	SRDH2_71010.1
OG0005244	STRK1_14310.1	SRDH2_17320.1, SRDH2_17330.1
OG0005246	STRK1_39520.1, STRK1_39520.2	SRDH2_41700.1, SRDH2_41700.2
OG0005247	STRK1_18030.1	SRDH2_20260.1, SRDH2_20260.4, SRDH2_20260.2, SRDH2_20260.3
OG0005248	STRK1_66920.1	SRDH2_71130.1
OG0005249	STRK1_11620.1, STRK1_11620.2	SRDH2_12970.1
OG0005250	STRK1_107310.1	SRDH2_12520.2, SRDH2_12520.1
OG0005251	STRK1_7680.1, STRK1_7680.2	SRDH2_14050.1
OG0005253	STRK1_41120.1	SRDH2_42980.1
OG0005254	STRK1_4400.1	SRDH2_15890.3, SRDH2_15890.4, SRDH2_15890.5, SRDH2_15890.2, SRDH2_15890.1, SRDH2_15890.6
OG0005255	STRK1_92730.1, STRK1_92720.1	SRDH2_98980.1, SRDH2_98980.2
OG0005256	STRK1_93890.1, STRK1_97990.1	SRDH2_85510.1, SRDH2_85510.2
OG0005257	STRK1_48400.1	SRDH2_56000.1
OG0005258	STRK1_98000.1	SRDH2_72910.1
OG0005259	STRK1_72150.1	SRDH2_77200.2, SRDH2_77200.1, SRDH2_77200.3, SRDH2_77200.4, SRDH2_77200.5, SRDH2_77200.6, SRDH2_77200.7
OG0005260	STRK1_72930.1	SRDH2_78320.1, SRDH2_78320.4, SRDH2_78320.5, SRDH2_78320.6, SRDH2_78320.7, SRDH2_78320.2, SRDH2_78320.3
OG0005263	STRK1_21850.1	SRDH2_23770.1
OG0005264	STRK1_29830.1	SRDH2_30580.1
OG0005265	STRK1_25530.1, STRK1_25480.1, STRK1_25500.1	SRDH2_27650.1, SRDH2_27690.1, SRDH2_27690.2, SRDH2_27690.3
OG0005266	STRK1_99810.1, STRK1_21900.1, STRK1_21910.1	SRDH2_23790.1, SRDH2_23790.4, SRDH2_23790.2, SRDH2_23790.5, SRDH2_23790.6, SRDH2_23790.3
OG0005267	STRK1_21240.1, STRK1_21260.1	SRDH2_23280.1
OG0005268	STRK1_39670.1, STRK1_39670.2	SRDH2_41850.1
OG0005269	STRK1_30660.1, STRK1_30670.1	SRDH2_33430.1, SRDH2_33440.1
OG0005271	STRK1_16020.1	SRDH2_4300.2, SRDH2_4300.1, SRDH2_4300.3
OG0005275	STRK1_45770.1, STRK1_61560.1, STRK1_61570.1, STRK1_61610.1, STRK1_61600.1	SRDH2_67030.1, SRDH2_66880.1, SRDH2_66870.1
OG0005283	STRK1_84660.1	SRDH2_90630.1
OG0005284	STRK1_74300.1, STRK1_74300.2	SRDH2_76640.1
OG0005285	STRK1_108380.1	SRDH2_31700.1
OG0005286	STRK1_30370.1	SRDH2_29940.1, SRDH2_29940.2
OG0005287	STRK1_10800.1	SRDH2_12060.1
OG0005288	STRK1_49180.1	SRDH2_50810.1
OG0005289	STRK1_51290.1	SRDH2_48740.1
OG0005290	STRK1_41570.1	SRDH2_42270.1, SRDH2_42270.2, SRDH2_42270.3
OG0005291	STRK1_100190.1	SRDH2_41840.2, SRDH2_41840.3, SRDH2_41840.1
OG0005292	STRK1_42850.1	SRDH2_44860.1
OG0005293	STRK1_58100.1, STRK1_58100.2, STRK1_58110.1	SRDH2_61640.1, SRDH2_61640.2
OG0005294	STRK1_54700.1, STRK1_54700.2	SRDH2_57880.1
OG0005295	STRK1_111450.1	SRDH2_56860.1
OG0005296	STRK1_42530.1	SRDH2_44910.1, SRDH2_44910.2
OG0005297	STRK1_80490.1	SRDH2_84950.1, SRDH2_84950.2
OG0005298	STRK1_37380.1	SRDH2_42640.1
OG0005299	STRK1_76890.1	SRDH2_81640.1
OG0005300	STRK1_85620.1, STRK1_85620.2	SRDH2_93580.2, SRDH2_93580.1
OG0005301	STRK1_69060.1, STRK1_69070.1	SRDH2_74550.1, SRDH2_74550.2, SRDH2_74550.3
OG0005302	STRK1_17710.1	SRDH2_19950.2, SRDH2_19950.1
OG0005303	STRK1_55000.1, STRK1_55020.1	SRDH2_56560.1
OG0005304	STRK1_87580.1	SRDH2_91390.1
OG0005305	STRK1_28220.1, STRK1_28220.2	SRDH2_34440.1, SRDH2_34440.2, SRDH2_34440.3
OG0005306	STRK1_13450.1, STRK1_13450.2	SRDH2_18190.1
OG0005307	STRK1_41240.1	SRDH2_39360.1, SRDH2_39360.2
OG0005309	STRK1_23520.1	SRDH2_25120.1
OG0005310	STRK1_580.1	SRDH2_1130.1
OG0005311	STRK1_82010.1	SRDH2_88180.1, SRDH2_88180.2, SRDH2_88180.3
OG0005312	STRK1_29130.1	SRDH2_31240.1
OG0005313	STRK1_22110.1, STRK1_22110.2	SRDH2_23990.1, SRDH2_23990.2
OG0005314	STRK1_18740.1	SRDH2_20910.1, SRDH2_20910.2
OG0005315	STRK1_109400.1	SRDH2_59080.1, SRDH2_59000.1
OG0005316	STRK1_80420.1	SRDH2_84870.1, SRDH2_84860.1
OG0005317	STRK1_57650.3, STRK1_57650.1, STRK1_57650.2	SRDH2_61240.1
OG0005318	STRK1_36680.1	SRDH2_29580.1, SRDH2_29590.1
OG0005319	STRK1_59470.1, STRK1_59470.3, STRK1_59470.2	SRDH2_64120.1
OG0005321	STRK1_69700.1, STRK1_69660.1, STRK1_69690.1	SRDH2_73750.1
OG0005322	STRK1_87810.1	SRDH2_91160.2, SRDH2_91160.1
OG0005323	STRK1_27020.1	SRDH2_28750.2, SRDH2_28750.1
OG0005324	STRK1_37840.1	SRDH2_39600.1, SRDH2_39600.2
OG0005325	STRK1_32340.1	SRDH2_31670.1
OG0005326	STRK1_7390.1	SRDH2_7790.1
OG0005327	STRK1_2200.1	SRDH2_19090.1, SRDH2_19090.2, SRDH2_19090.3
OG0005328	STRK1_59820.1	SRDH2_63730.1
OG0005329	STRK1_14670.1	SRDH2_16860.1
OG0005330	STRK1_79980.1, STRK1_79980.2	SRDH2_83650.1
OG0005331	STRK1_85280.1	SRDH2_91750.1
OG0005332	STRK1_86870.1	SRDH2_92770.1
OG0005333	STRK1_20930.1	SRDH2_21980.1
OG0005334	STRK1_4890.1	SRDH2_15370.1, SRDH2_15370.2
OG0005335	STRK1_74700.1	SRDH2_79510.4, SRDH2_79510.1, SRDH2_79510.3, SRDH2_79510.2
OG0005336	STRK1_7950.1	SRDH2_14580.1, SRDH2_14580.2
OG0005337	STRK1_24990.1	SRDH2_24760.1
OG0005338	STRK1_50200.1	SRDH2_49780.1
OG0005339	STRK1_54280.1, STRK1_54280.2	SRDH2_57900.1, SRDH2_57900.2, SRDH2_57900.3, SRDH2_57900.4, SRDH2_57900.5
OG0005341	STRK1_4580.1	SRDH2_15700.1
OG0005342	STRK1_93290.1	SRDH2_98590.1
OG0005343	STRK1_73240.1, STRK1_108050.1	SRDH2_80360.1
OG0005344	STRK1_74900.1	SRDH2_79710.1
OG0005345	STRK1_28760.1	SRDH2_38790.1
OG0005346	STRK1_9680.1	SRDH2_10680.1
OG0005347	STRK1_63350.1	SRDH2_66150.1
OG0005348	STRK1_8120.1	SRDH2_14760.1
OG0005349	STRK1_80810.1	SRDH2_570.1
OG0005350	STRK1_5890.1	SRDH2_6470.1, SRDH2_6470.2, SRDH2_6470.4, SRDH2_6470.3
OG0005351	STRK1_46750.1	SRDH2_53650.2, SRDH2_53650.1
OG0005352	STRK1_17590.1	SRDH2_2590.1
OG0005353	STRK1_91630.1, STRK1_91630.2	SRDH2_96060.1
OG0005354	STRK1_36100.1, STRK1_36100.2	SRDH2_32770.1, SRDH2_32770.2, SRDH2_32770.3
OG0005355	STRK1_37890.1	SRDH2_39690.1, SRDH2_39690.6, SRDH2_39690.2, SRDH2_39690.3, SRDH2_39690.4, SRDH2_39690.5
OG0005356	STRK1_77810.1	SRDH2_70520.1, SRDH2_70520.2
OG0005357	STRK1_70260.1	SRDH2_73200.1
OG0005358	STRK1_43420.1, STRK1_43420.2	SRDH2_46500.1, SRDH2_46500.2, SRDH2_46500.3, SRDH2_46500.4, SRDH2_46500.5
OG0005359	STRK1_2010.1, STRK1_2010.2, STRK1_2010.3	SRDH2_19660.2, SRDH2_19660.1, SRDH2_19660.3
OG0005360	STRK1_19830.1	SRDH2_22880.1
OG0005361	STRK1_4370.1	SRDH2_15920.1
OG0005362	STRK1_65000.1	SRDH2_68980.1, SRDH2_68980.2, SRDH2_68980.3
OG0005363	STRK1_570.1	SRDH2_1110.1, SRDH2_1120.1
OG0005364	STRK1_50070.1	SRDH2_49900.1
OG0005365	STRK1_4140.1	SRDH2_18330.1, SRDH2_18330.3, SRDH2_18330.2
OG0005366	STRK1_2760.1	SRDH2_15980.1, SRDH2_15980.2
OG0005367	STRK1_22350.1	SRDH2_24210.1
OG0005368	STRK1_21120.1	SRDH2_21790.1, SRDH2_21790.2
OG0005369	STRK1_36080.1	SRDH2_32700.1
OG0005371	STRK1_36030.1	SRDH2_32680.2, SRDH2_32680.3, SRDH2_32680.4, SRDH2_32680.1, SRDH2_32680.5
OG0005372	STRK1_22590.1	SRDH2_25970.1, SRDH2_25970.2
OG0005373	STRK1_89670.1	SRDH2_95560.1
OG0005374	STRK1_20560.1	SRDH2_22270.1
OG0005375	STRK1_52810.1, STRK1_52810.2	SRDH2_52470.1
OG0005376	STRK1_60570.1	SRDH2_62910.1, SRDH2_62910.2, SRDH2_62910.3
OG0005377	STRK1_29870.1, STRK1_29870.2	SRDH2_30550.1
OG0005378	STRK1_96600.1, STRK1_39890.1, STRK1_39880.2, STRK1_39880.1	SRDH2_44280.1
OG0005379	STRK1_53830.1	SRDH2_57250.1
OG0005380	STRK1_1490.1	SRDH2_2190.1
OG0005381	STRK1_7220.1, STRK1_7220.2	SRDH2_7580.1, SRDH2_7580.2, SRDH2_7580.3, SRDH2_7580.4
OG0005382	STRK1_90790.1	SRDH2_98180.2, SRDH2_98180.1, SRDH2_98180.3, SRDH2_98180.4
OG0005383	STRK1_38080.1	SRDH2_39930.1
OG0005384	STRK1_80740.1, STRK1_80740.2, STRK1_80740.3	SRDH2_85180.1
OG0005385	STRK1_10460.1, STRK1_10460.2	SRDH2_11500.1
OG0005386	STRK1_34200.1, STRK1_34200.2, STRK1_34200.3	SRDH2_34890.1
OG0005387	STRK1_23560.1, STRK1_23560.2	SRDH2_28430.1
OG0005388	STRK1_22540.1	SRDH2_26010.1
OG0005389	STRK1_43810.1	SRDH2_46710.1, SRDH2_46710.2
OG0005390	STRK1_92570.1	SRDH2_99290.1, SRDH2_99290.2
OG0005391	STRK1_55550.1	SRDH2_60030.1
OG0005392	STRK1_52680.1	SRDH2_52330.1
OG0005393	STRK1_52650.1	SRDH2_52310.2, SRDH2_52310.1
OG0005394	STRK1_1740.1	SRDH2_2400.1, SRDH2_2400.2
OG0005395	STRK1_69570.1, STRK1_69570.2	SRDH2_73920.1
OG0005396	STRK1_11760.1, STRK1_11760.2	SRDH2_15360.1
OG0005397	STRK1_42550.1, STRK1_42550.2	SRDH2_44600.3, SRDH2_44600.1, SRDH2_44600.2
OG0005398	STRK1_26470.1, STRK1_96990.1	SRDH2_26650.1, SRDH2_26660.1
OG0005399	STRK1_7760.1	SRDH2_13950.3, SRDH2_13950.2, SRDH2_13950.1, SRDH2_13950.4
OG0005400	STRK1_10590.1	SRDH2_11660.1, SRDH2_11610.1
OG0005401	STRK1_54830.1	SRDH2_56290.1
OG0005402	STRK1_111480.1, STRK1_111480.2	SRDH2_56890.1
OG0005403	STRK1_38170.1	SRDH2_39980.1
OG0005404	STRK1_13560.1	SRDH2_18060.1, SRDH2_18060.2
OG0005405	STRK1_86330.1	SRDH2_92530.1
OG0005406	STRK1_66070.1	SRDH2_68480.1, SRDH2_68480.2, SRDH2_68480.3
OG0005407	STRK1_46300.1	SRDH2_54100.1
OG0005408	STRK1_85920.1, STRK1_85920.2	SRDH2_92230.1
OG0005409	STRK1_32160.1	SRDH2_37010.1, SRDH2_37010.3, SRDH2_37010.2
OG0005410	STRK1_12220.1, STRK1_12220.2	SRDH2_9030.6, SRDH2_9030.2, SRDH2_9030.1, SRDH2_9030.3, SRDH2_9030.4, SRDH2_9030.5
OG0005411	STRK1_89320.1	SRDH2_94970.1
OG0005412	STRK1_61310.1	SRDH2_63720.1, SRDH2_63720.2, SRDH2_63720.3
OG0005413	STRK1_73210.1	SRDH2_80400.1
OG0005414	STRK1_68420.1	SRDH2_71830.2, SRDH2_71830.3, SRDH2_71830.5, SRDH2_71830.4, SRDH2_71830.6, SRDH2_71830.7, SRDH2_71830.1
OG0005415	STRK1_29990.1	SRDH2_30450.1, SRDH2_30450.2
OG0005416	STRK1_25770.1	SRDH2_25160.1
OG0005417	STRK1_16290.1, STRK1_16290.2, STRK1_16290.3	SRDH2_4010.2, SRDH2_4010.1
OG0005418	STRK1_45320.2, STRK1_45320.1, STRK1_45340.1	SRDH2_48160.2, SRDH2_48160.1
OG0005419	STRK1_66190.1	SRDH2_68370.1, SRDH2_68370.2
OG0005420	STRK1_27930.1	SRDH2_37790.1
OG0005421	STRK1_76960.1	SRDH2_81590.1, SRDH2_81590.2
OG0005423	STRK1_27260.1	SRDH2_28960.1, SRDH2_28960.2, SRDH2_28960.3
OG0005424	STRK1_79790.1	SRDH2_83790.2, SRDH2_83790.1
OG0005425	STRK1_79750.1	SRDH2_83840.1
OG0005426	STRK1_90270.1	SRDH2_97590.1
OG0005427	STRK1_93430.1	SRDH2_98410.1
OG0005429	STRK1_57850.1	SRDH2_61450.1
OG0005430	STRK1_42330.1	SRDH2_45190.1
OG0005431	STRK1_72570.1	SRDH2_80040.3, SRDH2_80040.1, SRDH2_80040.2
OG0005432	STRK1_79600.1, STRK1_79600.2	SRDH2_84020.1, SRDH2_84020.2
OG0005433	STRK1_72660.1	SRDH2_79960.1
OG0005434	STRK1_25990.1	SRDH2_27170.1
OG0005435	STRK1_92880.1, STRK1_92880.2	SRDH2_99110.1
OG0005436	STRK1_55730.1, STRK1_55730.2	SRDH2_59820.1, SRDH2_59820.2
OG0005437	STRK1_64340.1	SRDH2_64710.1, SRDH2_64710.2, SRDH2_64710.3
OG0005438	STRK1_10510.1	SRDH2_11530.1, SRDH2_11530.2, SRDH2_11530.3
OG0005440	STRK1_70050.1	SRDH2_73410.1
OG0005441	STRK1_85900.1	SRDH2_92210.1
OG0005442	STRK1_36540.1, STRK1_36540.2	SRDH2_29790.1
OG0005443	STRK1_60590.1	SRDH2_62930.1
OG0005444	STRK1_2070.1	SRDH2_19180.1
OG0005446	STRK1_43040.1	SRDH2_45500.1, SRDH2_45500.2
OG0005447	STRK1_61950.1	SRDH2_67170.1
OG0005448	STRK1_36110.1, STRK1_36110.3, STRK1_36110.2	SRDH2_32780.1
OG0005449	STRK1_111390.1	SRDH2_66840.1, SRDH2_66840.2, SRDH2_66840.3, SRDH2_66840.4
OG0005450	STRK1_58140.1	SRDH2_61670.1, SRDH2_61670.2
OG0005451	STRK1_80180.1, STRK1_80180.2	SRDH2_84620.1
OG0005452	STRK1_86890.1	SRDH2_92750.1
OG0005453	STRK1_60740.1	SRDH2_63100.1
OG0005454	STRK1_46270.1, STRK1_106320.1	SRDH2_54140.1
OG0005455	STRK1_49010.1	SRDH2_51080.1
OG0005456	STRK1_71020.1, STRK1_71020.2	SRDH2_78740.1
OG0005457	STRK1_44880.1, STRK1_44890.1	SRDH2_47610.1
OG0005458	STRK1_6100.1	SRDH2_6630.1
OG0005459	STRK1_740.1	SRDH2_1320.1
OG0005460	STRK1_68500.1	SRDH2_72420.1
OG0005461	STRK1_26180.1	SRDH2_27000.1
OG0005463	STRK1_18730.1, STRK1_18730.2	SRDH2_20900.1
OG0005464	STRK1_52410.1	SRDH2_52150.1
OG0005465	STRK1_85930.1, STRK1_85930.2	SRDH2_92250.1, SRDH2_92250.2
OG0005466	STRK1_68080.1, STRK1_68080.2, STRK1_68080.3, STRK1_68080.4	SRDH2_72160.1
OG0005467	STRK1_63690.1	SRDH2_65330.1, SRDH2_65330.2
OG0005468	STRK1_18490.1	SRDH2_20670.1
OG0005469	STRK1_66180.1, STRK1_66180.2	SRDH2_68380.1, SRDH2_68380.2
OG0005470	STRK1_94020.1	SRDH2_86120.1
OG0005471	STRK1_2240.1	SRDH2_19030.1
OG0005472	STRK1_71600.1	SRDH2_75140.1
OG0005473	STRK1_260.1, STRK1_260.2	SRDH2_780.1
OG0005474	STRK1_38610.1	SRDH2_40610.1
OG0005475	STRK1_80990.1	SRDH2_86160.1, SRDH2_86160.2
OG0005476	STRK1_111030.1, STRK1_38180.1	SRDH2_39990.1
OG0005477	STRK1_38660.1	SRDH2_40720.1
OG0005478	STRK1_55790.1	SRDH2_59760.3, SRDH2_59760.2, SRDH2_59760.1, SRDH2_59760.4
OG0005479	STRK1_73450.1	SRDH2_77510.2, SRDH2_77510.4, SRDH2_77510.1, SRDH2_77510.3
OG0005480	STRK1_71390.1, STRK1_71390.2, STRK1_71390.3, STRK1_71390.4	SRDH2_75320.1
OG0005481	STRK1_96280.1	SRDH2_17990.1
OG0005482	STRK1_41650.1	SRDH2_42030.3, SRDH2_42030.1, SRDH2_42030.2
OG0005483	STRK1_38400.1, STRK1_38400.2	SRDH2_40250.1
OG0005484	STRK1_20380.1	SRDH2_22590.1
OG0005485	STRK1_52360.3, STRK1_52360.5, STRK1_52360.2, STRK1_52360.1, STRK1_52360.4	SRDH2_52060.1
OG0005486	STRK1_67740.1	SRDH2_71530.2, SRDH2_71530.1
OG0005487	STRK1_21970.1	SRDH2_23870.1
OG0005488	STRK1_89150.1	SRDH2_94800.1
OG0005489	STRK1_6600.1, STRK1_6600.2	SRDH2_4930.1, SRDH2_4930.2, SRDH2_4930.3
OG0005490	STRK1_35010.1	SRDH2_35740.1
OG0005491	STRK1_88860.1	SRDH2_94650.3, SRDH2_94650.2, SRDH2_94650.1
OG0005492	STRK1_89770.1	SRDH2_95380.1, SRDH2_95390.1
OG0005493	STRK1_46960.1	SRDH2_53430.1, SRDH2_53430.2
OG0005494	STRK1_15290.1	SRDH2_5430.1, SRDH2_5430.2
OG0005495	STRK1_77130.1, STRK1_99000.1	SRDH2_81290.1, SRDH2_81290.2, SRDH2_81290.4, SRDH2_81290.3, SRDH2_81290.5
OG0005496	STRK1_92030.1	SRDH2_97000.1, SRDH2_97000.2
OG0005497	STRK1_24680.1, STRK1_106740.1	SRDH2_24460.1
OG0005498	STRK1_73970.1, STRK1_73970.2, STRK1_73970.3	SRDH2_79090.1
OG0005499	STRK1_87950.1	SRDH2_91040.1, SRDH2_91040.2, SRDH2_91040.3
OG0005500	STRK1_18170.1	SRDH2_20380.1
OG0005501	STRK1_88580.1, STRK1_88580.2	SRDH2_92650.1
OG0005503	STRK1_41210.1	SRDH2_39410.1, SRDH2_39410.2
OG0005504	STRK1_80680.1	SRDH2_85160.1, SRDH2_85150.1
OG0005505	STRK1_72390.1	SRDH2_80180.1
OG0005506	STRK1_85690.1	SRDH2_93450.1
OG0005507	STRK1_84320.1, STRK1_84320.2	SRDH2_89700.1
OG0005508	STRK1_960.1	SRDH2_1610.2, SRDH2_1610.1
OG0005509	STRK1_94690.1, STRK1_94690.3, STRK1_94690.2	SRDH2_97260.1, SRDH2_97260.2
OG0005511	STRK1_72690.1, STRK1_72710.1	SRDH2_79920.1
OG0005512	STRK1_6230.1	SRDH2_6830.1, SRDH2_6830.2, SRDH2_6840.1
OG0005514	STRK1_23490.1	SRDH2_25240.1, SRDH2_25240.2
OG0005515	STRK1_111460.1	SRDH2_56870.1
OG0005516	STRK1_13580.1, STRK1_13580.2	SRDH2_18080.1
OG0005517	STRK1_64390.1	SRDH2_64600.2, SRDH2_64600.1
OG0005518	STRK1_26910.1	SRDH2_26440.1, SRDH2_26440.2
OG0005519	STRK1_36450.1	SRDH2_32890.2, SRDH2_32890.1
OG0005520	STRK1_60550.1	SRDH2_62890.1
OG0005522	STRK1_35290.1, STRK1_35290.2	SRDH2_35950.1
OG0005523	STRK1_107290.1, STRK1_111320.1, STRK1_94280.1	SRDH2_85980.1
OG0005524	STRK1_1190.1	SRDH2_1800.1
OG0005525	STRK1_55450.1	SRDH2_60080.1
OG0005526	STRK1_32730.1	SRDH2_32120.1, SRDH2_32120.2
OG0005527	STRK1_22230.1	SRDH2_24090.1
OG0005530	STRK1_7590.1	SRDH2_14220.1
OG0005531	STRK1_12270.1, STRK1_12270.2	SRDH2_8970.1
OG0005532	STRK1_5150.1	SRDH2_13390.1
OG0005533	STRK1_1180.1, STRK1_1180.2, STRK1_1180.3	SRDH2_1810.1
OG0005535	STRK1_44700.1, STRK1_44700.2, STRK1_44710.1	SRDH2_47430.1
OG0005536	STRK1_31150.1	SRDH2_33920.1, SRDH2_33920.2, SRDH2_33920.3, SRDH2_33920.4, SRDH2_33920.5
OG0005537	STRK1_42070.1	SRDH2_41340.1
OG0005538	STRK1_50400.1	SRDH2_49510.2, SRDH2_49510.3, SRDH2_49510.1
OG0005539	STRK1_29640.1	SRDH2_30760.1
OG0005540	STRK1_57700.1, STRK1_57700.2, STRK1_95470.1	SRDH2_61300.1
OG0005544	STRK1_22050.1	SRDH2_23940.1
OG0005545	STRK1_15940.1	SRDH2_4400.1
OG0005546	STRK1_9610.1, STRK1_9610.2, STRK1_9610.3, STRK1_9610.4, STRK1_9610.5, STRK1_9610.6	SRDH2_10600.1, SRDH2_10600.2, SRDH2_10610.1
OG0005547	STRK1_32740.1	SRDH2_32110.2, SRDH2_32110.1, SRDH2_32110.4, SRDH2_32110.7, SRDH2_32110.5, SRDH2_32110.3, SRDH2_32110.6
OG0005548	STRK1_82610.1	SRDH2_87710.1, SRDH2_87710.2, SRDH2_87710.3, SRDH2_87710.4
OG0005549	STRK1_54640.1	SRDH2_51470.1, SRDH2_51470.2
OG0005550	STRK1_47430.1	SRDH2_52950.1
OG0005551	STRK1_69260.1	SRDH2_74370.1, SRDH2_74370.2, SRDH2_74370.3, SRDH2_74370.5, SRDH2_74370.4
OG0005553	STRK1_42090.1	SRDH2_45180.1
OG0005554	STRK1_14480.1	SRDH2_17100.1
OG0005557	STRK1_54500.1, STRK1_105120.1, STRK1_54480.1, STRK1_54440.1, STRK1_54460.1, STRK1_54450.1, STRK1_54470.1, STRK1_54490.1	SRDH2_51620.1, SRDH2_51610.1
OG0005558	STRK1_82260.1	SRDH2_88000.1
OG0005566	STRK1_75810.1	SRDH2_77710.1
OG0005567	STRK1_11720.1	SRDH2_12620.1, SRDH2_12620.2, SRDH2_12620.3
OG0005568	STRK1_70960.1	SRDH2_78820.1
OG0005569	STRK1_92830.1	SRDH2_99060.1, SRDH2_99060.3, SRDH2_99060.2
OG0005570	STRK1_33850.1	SRDH2_34520.1
OG0005571	STRK1_44870.1	SRDH2_47580.1
OG0005572	STRK1_65010.1	SRDH2_68970.3, SRDH2_68970.1, SRDH2_68970.2
OG0005573	STRK1_9150.1	SRDH2_10040.1
OG0005574	STRK1_83510.1	SRDH2_88860.1
OG0005575	STRK1_102800.1, STRK1_66170.1	SRDH2_68330.1
OG0005576	STRK1_66200.1	SRDH2_68360.1, SRDH2_68360.2
OG0005577	STRK1_107780.1, STRK1_98980.1	SRDH2_88620.1, SRDH2_88650.1, SRDH2_88590.1
OG0005578	STRK1_49880.1, STRK1_49880.2	SRDH2_50100.1, SRDH2_50100.2
OG0005579	STRK1_9830.1	SRDH2_10840.1, SRDH2_10860.1
OG0005580	STRK1_52450.1, STRK1_52520.1	SRDH2_52180.1
OG0005581	STRK1_30060.1	SRDH2_30370.1
OG0005582	STRK1_34390.1	SRDH2_35070.1
OG0005583	STRK1_83430.1	SRDH2_88940.1
OG0005584	STRK1_90380.1	SRDH2_97490.1, SRDH2_97490.2
OG0005585	STRK1_93230.1	SRDH2_98660.1
OG0005586	STRK1_93240.1	SRDH2_98650.1
OG0005587	STRK1_72640.1	SRDH2_79980.1
OG0005588	STRK1_26660.1	SRDH2_28660.1
OG0005589	STRK1_57090.1	SRDH2_60860.1, SRDH2_60860.2
OG0005590	STRK1_13460.1	SRDH2_18180.1, SRDH2_18180.2, SRDH2_18180.3, SRDH2_18180.4
OG0005591	STRK1_62510.1	SRDH2_65850.1
OG0005593	STRK1_69480.1	SRDH2_74040.1
OG0005594	STRK1_68070.1	SRDH2_72120.1
OG0005595	STRK1_59680.1	SRDH2_63860.1, SRDH2_63860.2, SRDH2_63860.3
OG0005596	STRK1_62990.1	SRDH2_69700.2, SRDH2_69700.3, SRDH2_69700.1
OG0005597	STRK1_94130.1, STRK1_94130.2	SRDH2_86000.1
OG0005598	STRK1_71240.1	SRDH2_78490.1
OG0005599	STRK1_48840.1, STRK1_48840.2	SRDH2_55710.1
OG0005600	STRK1_1770.1	SRDH2_19900.1
OG0005601	STRK1_21380.1	SRDH2_23400.1
OG0005602	STRK1_21500.1	SRDH2_23500.1
OG0005603	STRK1_58470.1	SRDH2_68100.1
OG0005604	STRK1_30010.1, STRK1_30010.3, STRK1_30010.2	SRDH2_30430.1
OG0005605	STRK1_30990.1, STRK1_31000.1	SRDH2_33760.1
OG0005606	STRK1_76850.1	SRDH2_81700.1
OG0005607	STRK1_86470.1, STRK1_86480.1, STRK1_86480.2, STRK1_86500.1, STRK1_105060.1	SRDH2_93180.1
OG0005608	STRK1_62920.1	SRDH2_69770.1
OG0005609	STRK1_60940.1, STRK1_60970.1	SRDH2_62840.1
OG0005610	STRK1_1460.1, STRK1_1460.2	SRDH2_2240.1
OG0005611	STRK1_87000.1	SRDH2_94150.1
OG0005612	STRK1_91920.3, STRK1_91920.2, STRK1_92010.1	SRDH2_97030.1
OG0005613	STRK1_46010.1, STRK1_46020.1	SRDH2_54990.1, SRDH2_54990.2, SRDH2_55010.1
OG0005614	STRK1_27130.1	SRDH2_28880.1
OG0005615	STRK1_36740.1	SRDH2_29520.1
OG0005616	STRK1_36750.1	SRDH2_29510.1, SRDH2_29510.2
OG0005617	STRK1_28540.1	SRDH2_39050.1
OG0005618	STRK1_49300.1, STRK1_49300.2	SRDH2_50690.1
OG0005619	STRK1_48980.1	SRDH2_51060.1
OG0005620	STRK1_85590.1, STRK1_85590.2	SRDH2_93600.1
OG0005621	STRK1_85000.1	SRDH2_89960.1
OG0005622	STRK1_101070.1, STRK1_103740.1	SRDH2_470.1
OG0005623	STRK1_72000.1	SRDH2_77040.1
OG0005626	STRK1_108880.1, STRK1_40120.1	SRDH2_44060.1
OG0005627	STRK1_21810.1	SRDH2_23700.1
OG0005628	STRK1_37710.1	SRDH2_39450.1
OG0005629	STRK1_31820.1	SRDH2_36610.1
OG0005630	STRK1_82110.1	SRDH2_88070.1
OG0005631	STRK1_48470.1	SRDH2_56090.1, SRDH2_56090.2, SRDH2_56090.3
OG0005632	STRK1_93260.1	SRDH2_98630.1
OG0005633	STRK1_9960.1	SRDH2_11140.1
OG0005634	STRK1_21470.1	SRDH2_23470.1
OG0005635	STRK1_17060.1, STRK1_17070.1	SRDH2_3150.3, SRDH2_3150.1, SRDH2_3150.2
OG0005636	STRK1_28750.1	SRDH2_38800.1
OG0005637	STRK1_77980.1, STRK1_98700.1	SRDH2_82180.1
OG0005638	STRK1_73940.1	SRDH2_79130.1
OG0005639	STRK1_71640.1	SRDH2_75090.1
OG0005640	STRK1_24010.1, STRK1_107060.1, STRK1_110610.1	SRDH2_28030.1
OG0005641	STRK1_71410.1	SRDH2_75300.1
OG0005642	STRK1_89940.1, STRK1_89960.1, STRK1_89950.1, STRK1_89970.1	SRDH2_99480.1
OG0005644	STRK1_72840.1	SRDH2_78430.1
OG0005645	STRK1_57400.1	SRDH2_60520.3, SRDH2_60520.4, SRDH2_60520.2, SRDH2_60520.1
OG0005646	STRK1_39220.1, STRK1_39220.2	SRDH2_41330.1
OG0005647	STRK1_53690.1	SRDH2_57400.1
OG0005648	STRK1_35160.1	SRDH2_40340.1
OG0005649	STRK1_48500.1	SRDH2_51420.1
OG0005650	STRK1_61850.1, STRK1_61850.2	SRDH2_67060.3, SRDH2_67060.2, SRDH2_67060.1
OG0005651	STRK1_63240.1	SRDH2_66680.1
OG0005652	STRK1_95910.1	SRDH2_48850.1
OG0005653	STRK1_94430.1	SRDH2_97140.1
OG0005654	STRK1_108180.1, STRK1_70550.1	SRDH2_72940.1
OG0005655	STRK1_25440.1	SRDH2_27700.1, SRDH2_27700.2
OG0005656	STRK1_88280.1	SRDH2_90730.1
OG0005657	STRK1_7600.1	SRDH2_14120.1
OG0005658	STRK1_87230.1, STRK1_87240.1	SRDH2_93880.1
OG0005659	STRK1_14190.1, STRK1_14190.2, STRK1_14190.3, STRK1_14190.4	SRDH2_17430.1, SRDH2_17430.2
OG0005660	STRK1_69720.1	SRDH2_73770.1
OG0005661	STRK1_6330.1	SRDH2_6950.1
OG0005662	STRK1_40670.1	SRDH2_43560.1
OG0005663	STRK1_12390.1	SRDH2_8830.1, SRDH2_8820.1
OG0005664	STRK1_23180.1, STRK1_23200.1	SRDH2_24260.1, SRDH2_25030.1
OG0005665	STRK1_51060.1	SRDH2_48990.1
OG0005666	STRK1_86410.1, STRK1_86420.1	SRDH2_92600.1, SRDH2_92600.2
OG0005667	STRK1_37220.1, STRK1_37220.2	SRDH2_42450.1
OG0005668	STRK1_16560.1	SRDH2_3680.1, SRDH2_3680.2
OG0005669	STRK1_53820.1, STRK1_53820.2, STRK1_53820.3	SRDH2_57260.1
OG0005670	STRK1_81610.1	SRDH2_86920.1, SRDH2_86920.3, SRDH2_86920.4, SRDH2_86920.5, SRDH2_86920.2
OG0005671	STRK1_7640.1	SRDH2_14080.1
OG0005672	STRK1_45360.1	SRDH2_48140.1, SRDH2_48140.2
OG0005673	STRK1_56450.1	SRDH2_48190.1
OG0005674	STRK1_26570.1	SRDH2_26570.1
OG0005675	STRK1_38850.1	SRDH2_40960.1
OG0005676	STRK1_46800.1	SRDH2_53600.1
OG0005677	STRK1_3510.1	SRDH2_5960.1
OG0005678	STRK1_97890.1	SRDH2_61310.1
OG0005679	STRK1_87610.1	SRDH2_91360.1
OG0005680	STRK1_67080.1	SRDH2_70970.1
OG0005681	STRK1_67090.1	SRDH2_70960.1
OG0005682	STRK1_32080.1, STRK1_32080.2, STRK1_32080.3	SRDH2_36900.1
OG0005683	STRK1_30630.1	SRDH2_33400.1
OG0005684	STRK1_49990.1	SRDH2_50070.1
OG0005685	STRK1_11270.1	SRDH2_13200.1
OG0005686	STRK1_86340.1	SRDH2_92540.1
OG0005687	STRK1_58910.1	SRDH2_66380.1
OG0005688	STRK1_80940.1, STRK1_80940.2	SRDH2_600.1
OG0005689	STRK1_68710.1	SRDH2_74900.1
OG0005690	STRK1_47000.1	SRDH2_53380.1, SRDH2_53380.3, SRDH2_53380.2
OG0005691	STRK1_94730.1, STRK1_94740.1	SRDH2_97240.1
OG0005692	STRK1_44380.1, STRK1_44390.1, STRK1_101940.1	SRDH2_48050.1
OG0005693	STRK1_610.1	SRDH2_1290.1, SRDH2_1280.1, SRDH2_1280.2
OG0005694	STRK1_100450.1, STRK1_50010.1	SRDH2_49970.1
OG0005695	STRK1_49850.1	SRDH2_50130.1
OG0005696	STRK1_39460.1	SRDH2_41670.1
OG0005697	STRK1_2440.1	SRDH2_18860.1
OG0005698	STRK1_67720.1	SRDH2_71520.1
OG0005699	STRK1_19220.1	SRDH2_21290.1
OG0005700	STRK1_69450.1	SRDH2_74070.1
OG0005701	STRK1_96180.1, STRK1_56480.1, STRK1_56480.2, STRK1_105000.1	SRDH2_58980.1
OG0005702	STRK1_62270.1	SRDH2_67520.1
OG0005703	STRK1_35460.1	SRDH2_38490.1, SRDH2_38490.2
OG0005704	STRK1_38970.1, STRK1_38970.2, STRK1_38970.3	SRDH2_41100.1
OG0005705	STRK1_111300.1, STRK1_111310.1, STRK1_51790.1	SRDH2_54830.1
OG0005706	STRK1_53880.1	SRDH2_57190.1
OG0005707	STRK1_62370.1	SRDH2_2230.1, SRDH2_65720.1
OG0005708	STRK1_18380.1, STRK1_18380.2, STRK1_18390.1	SRDH2_20550.1
OG0005709	STRK1_23970.1	SRDH2_28050.1
OG0005710	STRK1_35730.1	SRDH2_32370.1
OG0005711	STRK1_14410.1	SRDH2_17150.1, SRDH2_17150.2
OG0005712	STRK1_85830.1	SRDH2_93330.1, SRDH2_93330.2
OG0005713	STRK1_62740.1	SRDH2_69950.1
OG0005714	STRK1_85220.1	SRDH2_91930.1
OG0005715	STRK1_73650.1	SRDH2_76300.1, SRDH2_76300.2
OG0005716	STRK1_52210.1	SRDH2_51910.2, SRDH2_51910.1
OG0005717	STRK1_72080.1	SRDH2_77130.1
OG0005718	STRK1_49590.1	SRDH2_50410.1
OG0005719	STRK1_36120.1	SRDH2_33300.1
OG0005720	STRK1_94070.1	SRDH2_86070.1
OG0005722	STRK1_94840.1	SRDH2_96460.1
OG0005723	STRK1_40990.1	SRDH2_43230.1
OG0005724	STRK1_8660.1, STRK1_8660.2, STRK1_8660.3, STRK1_8660.4, STRK1_8660.5	SRDH2_9590.1
OG0005725	STRK1_93750.1	SRDH2_85690.1
OG0005726	STRK1_47350.1	SRDH2_53050.1
OG0005727	STRK1_100300.1, STRK1_66760.1	SRDH2_70380.1
OG0005728	STRK1_84710.1	SRDH2_90690.1
OG0005729	STRK1_61960.1, STRK1_61960.3, STRK1_61960.2	SRDH2_67180.1
OG0005730	STRK1_90240.1, STRK1_90240.2, STRK1_97860.1	SRDH2_97570.1
OG0005731	STRK1_79690.1, STRK1_79700.1, STRK1_79680.3, STRK1_79680.2, STRK1_79680.1	SRDH2_83900.1
OG0005732	STRK1_25330.1	SRDH2_27830.2, SRDH2_27830.1
OG0005733	STRK1_24860.1	SRDH2_24600.1
OG0005734	STRK1_105860.1, STRK1_40470.1, STRK1_100720.1	SRDH2_43750.1, SRDH2_43750.2
OG0005735	STRK1_89490.1, STRK1_100490.1, STRK1_100490.2	SRDH2_95170.1
OG0005736	STRK1_67800.1	SRDH2_71280.1
OG0005737	STRK1_63790.1, STRK1_63790.2	SRDH2_65290.2, SRDH2_65290.3, SRDH2_65290.1
OG0005738	STRK1_6540.1, STRK1_6570.1	SRDH2_4890.1
OG0005739	STRK1_30200.1	SRDH2_30180.1
OG0005740	STRK1_77060.1	SRDH2_81490.1
OG0005741	STRK1_83550.1	SRDH2_4130.1
OG0005741	STRK1_101320.1	SRDH2_88810.1
OG0005742	STRK1_34730.1	SRDH2_35410.1
OG0005743	STRK1_14710.1, STRK1_14690.1	SRDH2_16840.1, SRDH2_16840.2
OG0005744	STRK1_14930.1	SRDH2_16610.1
OG0005745	STRK1_64240.1	SRDH2_64800.1
OG0005746	STRK1_36660.1	SRDH2_29610.1
OG0005747	STRK1_42410.1	SRDH2_45280.1
OG0005748	STRK1_83570.3, STRK1_83570.2, STRK1_83570.1	SRDH2_89020.1
OG0005749	STRK1_57900.1	SRDH2_61510.1
OG0005750	STRK1_92540.1	SRDH2_99320.1, SRDH2_99320.3, SRDH2_99320.2
OG0005751	STRK1_37090.1	SRDH2_36160.1, SRDH2_36170.1
OG0005752	STRK1_24200.1, STRK1_24230.1	SRDH2_25000.1
OG0005753	STRK1_78150.1	SRDH2_82230.1
OG0005754	STRK1_84610.1	SRDH2_90580.1
OG0005755	STRK1_22930.1, STRK1_22940.1, STRK1_102470.1	SRDH2_25450.1
OG0005756	STRK1_23930.1	SRDH2_28080.1
OG0005757	STRK1_75580.1	SRDH2_76090.1
OG0005758	STRK1_109360.1, STRK1_69650.1	SRDH2_73850.1
OG0005759	STRK1_23660.1	SRDH2_28360.1, SRDH2_28360.2
OG0005760	STRK1_51110.1	SRDH2_48940.1, SRDH2_48940.2
OG0005761	STRK1_110550.1, STRK1_110550.2	SRDH2_24410.1
OG0005762	STRK1_65540.1	SRDH2_63310.18, SRDH2_63360.1, SRDH2_63310.19
OG0005763	STRK1_89010.1, STRK1_98710.1	SRDH2_94530.1
OG0005764	STRK1_62110.1, STRK1_62120.1	SRDH2_67380.1
OG0005765	STRK1_26720.1	SRDH2_26240.1
OG0005766	STRK1_82090.1, STRK1_8710.1, STRK1_8720.1	SRDH2_88100.1
OG0005767	STRK1_77790.1	SRDH2_82670.1, SRDH2_82670.2, SRDH2_82670.3
OG0005768	STRK1_31710.1	SRDH2_36510.1, SRDH2_36510.2, SRDH2_36510.3
OG0005769	STRK1_11220.1	SRDH2_13260.1
OG0005770	STRK1_39240.1, STRK1_39240.2	SRDH2_41390.1
OG0005771	STRK1_47260.1, STRK1_47260.2	SRDH2_53120.1
OG0005772	STRK1_79560.1	SRDH2_84070.1
OG0005773	STRK1_70360.1, STRK1_70370.1, STRK1_70350.1, STRK1_109640.1, STRK1_109650.1, STRK1_70380.1, STRK1_110740.1	SRDH2_71630.1
OG0005774	STRK1_59120.1	SRDH2_66580.1, SRDH2_66580.2, SRDH2_66580.3
OG0005775	STRK1_37340.1	SRDH2_42600.1
OG0005776	STRK1_101830.1, STRK1_83990.1	SRDH2_89430.1
OG0005777	STRK1_37590.1	SRDH2_42850.1
OG0005778	STRK1_65690.1	SRDH2_66720.1, SRDH2_66720.2
OG0005779	STRK1_101410.1	SRDH2_70490.1, SRDH2_70480.1
OG0005780	STRK1_94980.1	SRDH2_96600.1
OG0005781	STRK1_84920.1	SRDH2_90330.1, SRDH2_90330.2, SRDH2_90330.3
OG0005783	STRK1_85560.1, STRK1_100910.1, STRK1_100930.1	SRDH2_91480.2, SRDH2_91480.1
OG0005784	STRK1_87030.1, STRK1_87040.1	SRDH2_94120.1, SRDH2_94120.2, SRDH2_94120.3
OG0005785	STRK1_7740.1	SRDH2_13970.1, SRDH2_13970.2, SRDH2_13970.3
OG0005786	STRK1_11070.1	SRDH2_11780.1
OG0005787	STRK1_230.1	SRDH2_750.1
OG0005788	STRK1_7560.1	SRDH2_14200.1
OG0005789	STRK1_52760.1, STRK1_52760.2	SRDH2_52420.1
OG0005790	STRK1_68300.1	SRDH2_71730.1
OG0005791	STRK1_42770.1	SRDH2_44780.1, SRDH2_44770.1
OG0005792	STRK1_16530.1	SRDH2_3730.1
OG0005794	STRK1_16040.1	SRDH2_4270.1, SRDH2_82810.1
OG0005796	STRK1_6750.1	SRDH2_5090.1, SRDH2_5090.3, SRDH2_5090.2
OG0005797	STRK1_93250.1	SRDH2_98640.1
OG0005798	STRK1_69180.1	SRDH2_74460.1
OG0005799	STRK1_19130.1	SRDH2_21070.2, SRDH2_21070.1
OG0005800	STRK1_93730.1	SRDH2_85710.1
OG0005801	STRK1_4360.1	SRDH2_15930.1
OG0005802	STRK1_75950.1, STRK1_75950.2	SRDH2_77840.1
OG0005803	STRK1_55780.1	SRDH2_59770.1
OG0005804	STRK1_91520.1	SRDH2_95940.1, SRDH2_95950.1
OG0005805	STRK1_67860.1	SRDH2_72400.1
OG0005806	STRK1_96170.1	SRDH2_84550.1
OG0005807	STRK1_78000.1	SRDH2_82210.1
OG0005808	STRK1_37790.1	SRDH2_39520.1, SRDH2_39520.3, SRDH2_39520.2
OG0005809	STRK1_36950.1	SRDH2_29300.1
OG0005810	STRK1_84960.1	SRDH2_89670.4, SRDH2_89670.2, SRDH2_89670.3, SRDH2_89670.1
OG0005811	STRK1_8490.1, STRK1_8490.2, STRK1_8490.3, STRK1_8490.4, STRK1_8490.5	SRDH2_15140.1
OG0005812	STRK1_38270.1, STRK1_38270.2, STRK1_38270.3	SRDH2_101210.1, SRDH2_101210.2
OG0005813	STRK1_69850.1, STRK1_69850.2, STRK1_108110.1	SRDH2_73640.1
OG0005814	STRK1_5050.1	SRDH2_12250.1
OG0005815	STRK1_62470.1, STRK1_62470.2	SRDH2_65810.1
OG0005816	STRK1_11800.1	SRDH2_15320.1
OG0005817	STRK1_29180.1	SRDH2_31200.1
OG0005818	STRK1_88620.1	SRDH2_92680.1
OG0005819	STRK1_106770.1, STRK1_107900.1	SRDH2_53340.1
OG0005820	STRK1_88880.1, STRK1_88880.2	SRDH2_64270.1
OG0005821	STRK1_92850.1	SRDH2_99080.1
OG0005822	STRK1_23890.1	SRDH2_28110.1, SRDH2_28110.2, SRDH2_28110.3
OG0005823	STRK1_38510.1	SRDH2_40510.1, SRDH2_40510.2
OG0005824	STRK1_25890.1	SRDH2_27300.1
OG0005825	STRK1_24480.1	SRDH2_28560.1
OG0005826	STRK1_59480.1, STRK1_59480.2, STRK1_59480.3	SRDH2_64070.1
OG0005827	STRK1_43720.1, STRK1_43720.2	SRDH2_46910.1
OG0005828	STRK1_86630.1	SRDH2_93060.1
OG0005829	STRK1_57280.1	SRDH2_60670.1
OG0005830	STRK1_66910.1	SRDH2_71140.1
OG0005831	STRK1_45750.1	SRDH2_48470.2, SRDH2_48470.1
OG0005832	STRK1_31260.1	SRDH2_34060.1, SRDH2_34060.2
OG0005833	STRK1_6470.1, STRK1_6470.2	SRDH2_4830.1, SRDH2_4830.2
OG0005834	STRK1_81140.1, STRK1_81150.1, STRK1_81180.1	SRDH2_86530.1
OG0005835	STRK1_64200.1	SRDH2_64850.1
OG0005836	STRK1_93870.1	SRDH2_85530.1, SRDH2_85530.2
OG0005837	STRK1_89360.1	SRDH2_95080.1, SRDH2_95080.2
OG0005838	STRK1_280.1, STRK1_280.2	SRDH2_800.2, SRDH2_800.4, SRDH2_800.3, SRDH2_800.1
OG0005839	STRK1_26820.1, STRK1_26820.2	SRDH2_26350.1
OG0005840	STRK1_83660.1, STRK1_83660.2	SRDH2_89130.1
OG0005841	STRK1_11190.1	SRDH2_13310.1, SRDH2_13280.1
OG0005842	STRK1_52050.1	SRDH2_51700.1
OG0005843	STRK1_100240.1	SRDH2_21500.1
OG0005844	STRK1_3710.1	SRDH2_13880.1, SRDH2_13880.2, SRDH2_13880.3
OG0005846	STRK1_27630.1	SRDH2_38300.1
OG0005847	STRK1_96690.1	SRDH2_99590.1, SRDH2_99590.2
OG0005848	STRK1_47370.1, STRK1_47370.2	SRDH2_53020.1
OG0005849	STRK1_90480.1	SRDH2_99640.1, SRDH2_99640.2, SRDH2_99640.3, SRDH2_99640.5, SRDH2_99640.4
OG0005851	STRK1_53150.1	SRDH2_58210.1
OG0005852	STRK1_29710.1	SRDH2_30690.1
OG0005853	STRK1_101610.1	SRDH2_78310.1
OG0005854	STRK1_76310.1	SRDH2_80590.1, SRDH2_80590.2
OG0005855	STRK1_33290.1	SRDH2_37420.1, SRDH2_37420.2, SRDH2_37420.3
OG0005856	STRK1_83710.1	SRDH2_89200.2, SRDH2_89200.3, SRDH2_89200.1
OG0005857	STRK1_64750.1, STRK1_64750.2	SRDH2_69250.1
OG0005859	STRK1_13910.1	SRDH2_17680.1
OG0005860	STRK1_70470.1	SRDH2_72980.1
OG0005861	STRK1_40690.1	SRDH2_43540.1, SRDH2_43540.2
OG0005862	STRK1_37600.1	SRDH2_42860.1
OG0005863	STRK1_50970.1	SRDH2_49080.1
OG0005865	STRK1_19890.1	SRDH2_22920.1
OG0005866	STRK1_69950.1	SRDH2_73610.1
OG0005867	STRK1_27200.1, STRK1_27200.2	SRDH2_28940.1, SRDH2_28940.2
OG0005868	STRK1_92840.1	SRDH2_99070.1, SRDH2_99070.2, SRDH2_99070.3, SRDH2_99070.4, SRDH2_99070.5
OG0005869	STRK1_93490.1	SRDH2_96290.1
OG0005870	STRK1_24930.1	SRDH2_24670.1, SRDH2_24670.2, SRDH2_24670.3, SRDH2_24670.4, SRDH2_24670.5, SRDH2_24670.6
OG0005871	STRK1_73140.1, STRK1_73140.2, STRK1_73140.3	SRDH2_80460.1
OG0005872	STRK1_45030.1	SRDH2_47750.1
OG0005873	STRK1_70430.1, STRK1_70450.1, STRK1_70440.1, STRK1_70390.1	SRDH2_73040.1
OG0005874	STRK1_63000.1, STRK1_63000.2	SRDH2_69690.1
OG0005875	STRK1_64370.1	SRDH2_64630.1
OG0005876	STRK1_65140.1	SRDH2_68810.1
OG0005877	STRK1_23710.1	SRDH2_28220.1, SRDH2_28220.2
OG0005878	STRK1_41790.1	SRDH2_42150.1, SRDH2_42150.2, SRDH2_42150.4, SRDH2_42150.3
OG0005879	STRK1_40310.1, STRK1_40320.1	SRDH2_43870.1, SRDH2_43870.2, SRDH2_43870.3, SRDH2_43870.4
OG0005881	STRK1_3070.3, STRK1_3070.1, STRK1_3070.2	SRDH2_16300.1
OG0005882	STRK1_23770.1	SRDH2_28260.1, SRDH2_28260.2
OG0005884	STRK1_70250.1, STRK1_70250.2	SRDH2_73210.1, SRDH2_73210.2
OG0005892	STRK1_33580.1	SRDH2_37500.1
OG0005893	STRK1_41230.1	SRDH2_39370.1, SRDH2_39370.2, SRDH2_39370.5, SRDH2_39370.3, SRDH2_39370.4, SRDH2_39370.6, SRDH2_39370.7
OG0005894	STRK1_10640.1	SRDH2_11680.2, SRDH2_11680.1
OG0005895	STRK1_92160.1	SRDH2_97110.1
OG0005896	STRK1_38920.1	SRDH2_41030.1
OG0005897	STRK1_77330.1	SRDH2_96940.1, SRDH2_96940.2
OG0005898	STRK1_40170.1, STRK1_40160.1	SRDH2_43990.2, SRDH2_43990.1
OG0005899	STRK1_92060.1	SRDH2_96980.2, SRDH2_96980.1
OG0005900	STRK1_108390.1, STRK1_108390.3, STRK1_108390.4, STRK1_108390.5, STRK1_108390.2	SRDH2_31710.1
OG0005901	STRK1_57660.1	SRDH2_61260.1
OG0005902	STRK1_7440.1	SRDH2_7840.1
OG0005903	STRK1_15220.1, STRK1_15220.3, STRK1_15220.2	SRDH2_5510.1
OG0005904	STRK1_96780.1	SRDH2_24050.1
OG0005905	STRK1_66210.1	SRDH2_68350.1, SRDH2_68340.1
OG0005906	STRK1_75090.1	SRDH2_75610.1
OG0005907	STRK1_39550.1, STRK1_39550.2	SRDH2_41740.1
OG0005908	STRK1_38020.1	SRDH2_39860.2, SRDH2_39860.4, SRDH2_39860.1, SRDH2_39860.3
OG0005909	STRK1_5300.1	SRDH2_13550.1
OG0005910	STRK1_73040.1	SRDH2_78160.1
OG0005911	STRK1_93370.1	SRDH2_98460.2, SRDH2_98460.1
OG0005912	STRK1_94570.1	SRDH2_98260.1
OG0005913	STRK1_87530.1	SRDH2_93630.1
OG0005914	STRK1_75840.1	SRDH2_77740.1
OG0005915	STRK1_12600.1, STRK1_12600.2, STRK1_12600.3	SRDH2_8590.1
OG0005916	STRK1_98590.1, STRK1_98800.1	SRDH2_19210.1, SRDH2_19210.2
OG0005917	STRK1_62520.1, STRK1_62520.2	SRDH2_65860.1
OG0005918	STRK1_34640.1	SRDH2_35320.1
OG0005919	STRK1_20880.1, STRK1_20890.1	SRDH2_22050.1
OG0005920	STRK1_17220.1	SRDH2_2980.1, SRDH2_2980.2
OG0005921	STRK1_99070.1, STRK1_109830.1	SRDH2_70650.1
OG0005922	STRK1_20080.1	SRDH2_23160.1
OG0005923	STRK1_36630.1	SRDH2_29650.1
OG0005924	STRK1_14590.1	SRDH2_16950.1
OG0005926	STRK1_65460.1	SRDH2_63450.3, SRDH2_63450.1, SRDH2_63450.2
OG0005927	STRK1_26280.1	SRDH2_26900.1, SRDH2_26900.2
OG0005929	STRK1_60660.1	SRDH2_63010.1
OG0005930	STRK1_76840.1	SRDH2_81710.1
OG0005932	STRK1_1450.1	SRDH2_2260.1
OG0005933	STRK1_41610.1	SRDH2_42220.1
OG0005934	STRK1_18570.1	SRDH2_20760.2, SRDH2_20760.1, SRDH2_20770.1, SRDH2_20760.3
OG0005935	STRK1_31680.1	SRDH2_36480.1, SRDH2_36480.2
OG0005936	STRK1_60540.1	SRDH2_62880.1, SRDH2_62880.2
OG0005937	STRK1_85740.1	SRDH2_93420.1
OG0005938	STRK1_70590.1	SRDH2_72880.1
OG0005940	STRK1_25310.1	SRDH2_27850.1
OG0005941	STRK1_90050.1	SRDH2_97730.1, SRDH2_97730.2
OG0005942	STRK1_80710.1	SRDH2_85220.1
OG0005943	STRK1_4910.1, STRK1_4910.2	SRDH2_12370.1, SRDH2_12360.1, SRDH2_12340.1, SRDH2_12340.2
OG0005944	STRK1_58040.1	SRDH2_61580.1
OG0005945	STRK1_17270.1	SRDH2_102590.1, SRDH2_2930.1
OG0005946	STRK1_19300.1	SRDH2_21580.1
OG0005947	STRK1_11170.1	SRDH2_101630.1
OG0005948	STRK1_111270.1, STRK1_36060.1	SRDH2_32730.2, SRDH2_32730.1, SRDH2_32730.3
OG0005949	STRK1_9670.1	SRDH2_10660.1
OG0005950	STRK1_49210.1	SRDH2_50770.1
OG0005951	STRK1_5880.1	SRDH2_6460.1
OG0005952	STRK1_80290.1	SRDH2_84720.1, SRDH2_84720.2, SRDH2_84720.3
OG0005953	STRK1_77820.1	SRDH2_70510.1
OG0005954	STRK1_18890.1, STRK1_18900.1	SRDH2_21000.1
OG0005955	STRK1_87020.1	SRDH2_94130.1, SRDH2_94130.2
OG0005956	STRK1_29510.1	SRDH2_30860.1
OG0005957	STRK1_24700.1, STRK1_24690.1	SRDH2_24470.1
OG0005958	STRK1_75500.1	SRDH2_75990.2, SRDH2_75990.1
OG0005959	STRK1_41220.1	SRDH2_39400.1
OG0005960	STRK1_67230.1, STRK1_67230.2	SRDH2_87730.1
OG0005961	STRK1_66490.1	SRDH2_70570.1
OG0005962	STRK1_91590.1, STRK1_91590.2	SRDH2_96010.1
OG0005963	STRK1_59590.1	SRDH2_63970.2, SRDH2_63970.1
OG0005964	STRK1_31620.1	SRDH2_36420.1
OG0005965	STRK1_18980.1	SRDH2_21190.1
OG0005966	STRK1_97230.1	SRDH2_89910.1
OG0005967	STRK1_70770.1, STRK1_74330.1	SRDH2_72730.1, SRDH2_72730.2
OG0005968	STRK1_11640.1	SRDH2_12750.1
OG0005969	STRK1_40660.1	SRDH2_43570.1, SRDH2_43570.2
OG0005970	STRK1_20570.1	SRDH2_22260.1
OG0005971	STRK1_24620.1	SRDH2_26190.1
OG0005972	STRK1_45980.1	SRDH2_55120.1
OG0005973	STRK1_42900.1, STRK1_42900.2	SRDH2_44560.1
OG0005974	STRK1_20730.1	SRDH2_22500.1
OG0005975	STRK1_69040.1	SRDH2_74580.1
OG0005976	STRK1_29280.1	SRDH2_31100.1
OG0005977	STRK1_46440.1	SRDH2_54030.1, SRDH2_54030.2
OG0005978	STRK1_83490.1, STRK1_83490.2	SRDH2_88890.1
OG0005979	STRK1_24430.1	SRDH2_28530.1
OG0005980	STRK1_54210.1	SRDH2_57810.2, SRDH2_57810.1, SRDH2_57810.3
OG0005981	STRK1_94890.1	SRDH2_96490.1
OG0005982	STRK1_105290.1, STRK1_61790.1	SRDH2_66990.1
OG0005983	STRK1_50760.1	SRDH2_49270.1
OG0005984	STRK1_63290.1	SRDH2_66090.3, SRDH2_66090.1, SRDH2_66090.2
OG0005985	STRK1_23580.1	SRDH2_28420.1, SRDH2_28410.1
OG0005986	STRK1_19110.1	SRDH2_21050.1
OG0005987	STRK1_19120.1	SRDH2_21060.2, SRDH2_21060.3, SRDH2_21060.1
OG0005988	STRK1_92560.3, STRK1_92560.1, STRK1_92560.2	SRDH2_99300.3, SRDH2_99300.1, SRDH2_99300.2
OG0005989	STRK1_98470.1	SRDH2_83630.1
OG0005990	STRK1_54200.1	SRDH2_57790.1
OG0005991	STRK1_46000.1, STRK1_106460.1	SRDH2_55140.1
OG0005992	STRK1_45270.1	SRDH2_48040.1
OG0005993	STRK1_74990.1	SRDH2_79840.1
OG0005994	STRK1_51650.1	SRDH2_54690.1
OG0005995	STRK1_68370.1	SRDH2_71880.1, SRDH2_71880.4, SRDH2_71880.2, SRDH2_71880.3
OG0005996	STRK1_1970.1	SRDH2_19710.1, SRDH2_19710.2
OG0005997	STRK1_550.1, STRK1_550.2	SRDH2_1000.1
OG0005998	STRK1_51310.1, STRK1_51340.1, STRK1_51350.1	SRDH2_48710.1
OG0005999	STRK1_77940.1, STRK1_77940.2	SRDH2_82130.1
OG0006000	STRK1_7520.1	SRDH2_14170.1
OG0006001	STRK1_84690.1	SRDH2_90670.1
OG0006002	STRK1_46290.1	SRDH2_54120.2, SRDH2_54120.1
OG0006003	STRK1_35480.1	SRDH2_32130.1
OG0006004	STRK1_49510.1	SRDH2_50490.1
OG0006005	STRK1_71750.1	SRDH2_72570.1, SRDH2_72570.2
OG0006006	STRK1_44190.1	SRDH2_47220.1
OG0006007	STRK1_21300.1, STRK1_21300.2	SRDH2_21240.1
OG0006009	STRK1_80670.1	SRDH2_85140.1, SRDH2_85140.3, SRDH2_85140.2
OG0006010	STRK1_79350.1	SRDH2_84380.2, SRDH2_84380.1
OG0006011	STRK1_62170.1	SRDH2_67420.1
OG0006012	STRK1_62860.1	SRDH2_69840.1
OG0006013	STRK1_20510.1	SRDH2_22320.1
OG0006014	STRK1_73630.1	SRDH2_76280.1
OG0006015	STRK1_71900.1	SRDH2_76920.1, SRDH2_76920.3
OG0006016	STRK1_77120.1, STRK1_105020.1	SRDH2_81300.1
OG0006017	STRK1_97250.1, STRK1_109350.1	SRDH2_81330.1
OG0006018	STRK1_85580.1	SRDH2_93610.1
OG0006019	STRK1_82530.1	SRDH2_87790.1, SRDH2_87790.2
OG0006021	STRK1_76060.1	SRDH2_77960.1
OG0006022	STRK1_65330.1, STRK1_65330.2	SRDH2_63570.1
OG0006023	STRK1_2340.1	SRDH2_18950.1
OG0006024	STRK1_45060.1	SRDH2_47810.1
OG0006025	STRK1_4810.1	SRDH2_15430.1
OG0006026	STRK1_710.3, STRK1_710.2, STRK1_710.5, STRK1_710.1, STRK1_710.4	SRDH2_1180.1, SRDH2_1180.2
OG0006027	STRK1_23540.1	SRDH2_25100.1
OG0006028	STRK1_49730.1	SRDH2_50250.1
OG0006029	STRK1_54010.1	SRDH2_57070.1, SRDH2_57070.2
OG0006030	STRK1_35390.1	SRDH2_38390.1, SRDH2_38390.2
OG0006031	STRK1_2040.1	SRDH2_19630.1, SRDH2_19630.2
OG0006032	STRK1_9590.1	SRDH2_10580.1, SRDH2_10570.1
OG0006033	STRK1_39300.1	SRDH2_41440.1
OG0006034	STRK1_40460.1	SRDH2_43770.1
OG0006035	STRK1_53930.1	SRDH2_57140.1
OG0006036	STRK1_93920.1	SRDH2_85480.1
OG0006037	STRK1_81360.1	SRDH2_86740.1
OG0006038	STRK1_40510.1	SRDH2_43710.1
OG0006039	STRK1_52230.1	SRDH2_51930.1
OG0006040	STRK1_95750.1	SRDH2_58580.1
OG0006041	STRK1_26670.1, STRK1_26670.2	SRDH2_28630.1, SRDH2_28630.2
OG0006042	STRK1_32230.1	SRDH2_37080.1
OG0006043	STRK1_99530.1	SRDH2_18740.1, SRDH2_18740.4, SRDH2_18740.2, SRDH2_18740.3
OG0006044	STRK1_66970.1	SRDH2_71090.1
OG0006045	STRK1_30960.1	SRDH2_33720.1
OG0006046	STRK1_8380.1, STRK1_8380.2, STRK1_8380.3	SRDH2_15000.1
OG0006047	STRK1_34740.1	SRDH2_35420.1
OG0006048	STRK1_12870.1	SRDH2_8250.1
OG0006049	STRK1_38720.1	SRDH2_40790.1
OG0006050	STRK1_60650.1	SRDH2_63000.1
OG0006051	STRK1_15520.1	SRDH2_7120.1
OG0006052	STRK1_70610.1	SRDH2_72860.1
OG0006053	STRK1_66050.1	SRDH2_68500.1
OG0006054	STRK1_63750.1	SRDH2_65420.1, SRDH2_65420.2
OG0006055	STRK1_6410.1	SRDH2_4740.1, SRDH2_4740.2
OG0006056	STRK1_4750.1	SRDH2_15510.1
OG0006057	STRK1_102640.1, STRK1_102640.2, STRK1_102640.3	SRDH2_30960.1
OG0006058	STRK1_4110.1	SRDH2_18290.1, SRDH2_18290.2
OG0006059	STRK1_70480.1	SRDH2_72970.1
OG0006060	STRK1_16870.1	SRDH2_3380.1
OG0006061	STRK1_105880.1	SRDH2_87920.1
OG0006062	STRK1_30490.1	SRDH2_33310.1
OG0006063	STRK1_43020.1	SRDH2_45550.1
OG0006064	STRK1_67750.1	SRDH2_71430.3, SRDH2_71430.1, SRDH2_71430.2, SRDH2_71430.4
OG0006065	STRK1_13270.1	SRDH2_14390.1
OG0006066	STRK1_8640.1, STRK1_8640.2, STRK1_8640.3	SRDH2_9430.1
OG0006067	STRK1_40650.1	SRDH2_43580.1
OG0006068	STRK1_39180.1	SRDH2_41290.1
OG0006069	STRK1_27740.1	SRDH2_38200.1, SRDH2_38220.1
OG0006070	STRK1_62960.1	SRDH2_69730.1, SRDH2_69730.2
OG0006071	STRK1_71080.1	SRDH2_78670.1
OG0006072	STRK1_80770.1	SRDH2_85400.1, SRDH2_85410.1
OG0006073	STRK1_47050.1	SRDH2_53330.3, SRDH2_53330.2, SRDH2_53330.1, SRDH2_53330.4
OG0006074	STRK1_87210.1	SRDH2_93900.1
OG0006075	STRK1_24610.1	SRDH2_26180.1
OG0006076	STRK1_52220.1	SRDH2_51920.1
OG0006077	STRK1_41740.1, STRK1_41750.1	SRDH2_42180.1
OG0006079	STRK1_106450.1	SRDH2_54210.1, SRDH2_54220.1
OG0006080	STRK1_98420.1, STRK1_98900.1	SRDH2_34640.1
OG0006081	STRK1_1200.1	SRDH2_1830.1
OG0006082	STRK1_41630.1	SRDH2_42000.1
OG0006083	STRK1_94040.1	SRDH2_86100.1
OG0006084	STRK1_21360.1	SRDH2_23380.1, SRDH2_23390.1
OG0006085	STRK1_71610.1	SRDH2_75130.1
OG0006086	STRK1_24050.1	SRDH2_24820.1
OG0006087	STRK1_41390.1, STRK1_41390.2, STRK1_41390.3	SRDH2_39220.1, SRDH2_39220.2
OG0006088	STRK1_68900.1	SRDH2_74700.1, SRDH2_74710.1
OG0006089	STRK1_10560.1	SRDH2_11580.1
OG0006090	STRK1_88820.1	SRDH2_94680.1
OG0006091	STRK1_78280.1	SRDH2_82430.1
OG0006092	STRK1_11470.1	SRDH2_12860.1
OG0006093	STRK1_48340.1	SRDH2_55950.1
OG0006094	STRK1_52430.1	SRDH2_52160.1
OG0006095	STRK1_79440.1	SRDH2_84200.1
OG0006096	STRK1_3930.1	SRDH2_19250.1, SRDH2_19250.2, SRDH2_19250.3
OG0006097	STRK1_71090.1	SRDH2_78650.1, SRDH2_78660.1
OG0006098	STRK1_23120.1, STRK1_23130.1, STRK1_23150.1	SRDH2_25590.1
OG0006099	STRK1_7130.1, STRK1_7130.2	SRDH2_7500.1
OG0006100	STRK1_14020.1, STRK1_14020.2	SRDH2_17580.1, SRDH2_17580.2
OG0006101	STRK1_33640.1	SRDH2_37560.1
OG0006102	STRK1_72560.1	SRDH2_80050.1
OG0006103	STRK1_33000.1	SRDH2_31880.1
OG0006104	STRK1_63900.1, STRK1_63900.2, STRK1_63900.3	SRDH2_69440.1
OG0006105	STRK1_79500.1	SRDH2_84060.1
OG0006106	STRK1_97810.1, STRK1_103830.1	SRDH2_61430.1, SRDH2_61430.2
OG0006107	STRK1_75570.1	SRDH2_76080.3, SRDH2_76080.1, SRDH2_76080.2
OG0006109	STRK1_68180.1	SRDH2_72240.1
OG0006110	STRK1_86210.1	SRDH2_92430.1
OG0006112	STRK1_84680.1	SRDH2_90650.1
OG0006113	STRK1_16470.1	SRDH2_3810.1
OG0006114	STRK1_92100.1	SRDH2_97060.1, SRDH2_97060.2, SRDH2_97060.3
OG0006115	STRK1_25680.1	SRDH2_27500.1, SRDH2_27500.2
OG0006116	STRK1_45390.1	SRDH2_48110.1
OG0006117	STRK1_54150.1, STRK1_54150.2	SRDH2_57680.1
OG0006118	STRK1_53330.1	SRDH2_57950.1
OG0006119	STRK1_48720.1, STRK1_48740.1	SRDH2_55800.1, SRDH2_55800.2
OG0006120	STRK1_37440.1	SRDH2_42720.1
OG0006121	STRK1_20450.1	SRDH2_22380.1
OG0006122	STRK1_30400.1	SRDH2_29910.1, SRDH2_29910.2, SRDH2_29910.3
OG0006123	STRK1_58350.1	SRDH2_61830.1, SRDH2_61830.2, SRDH2_61830.3
OG0006124	STRK1_63270.1	SRDH2_66050.1, SRDH2_66070.2, SRDH2_66070.1
OG0006125	STRK1_75700.1	SRDH2_76190.1
OG0006126	STRK1_65260.1	SRDH2_63640.1
OG0006127	STRK1_40810.1	SRDH2_43430.1
OG0006128	STRK1_28050.1	SRDH2_37900.1
OG0006129	STRK1_11730.1	SRDH2_12610.1
OG0006130	STRK1_23620.1	SRDH2_28390.1
OG0006131	STRK1_64440.1, STRK1_64440.2	SRDH2_64560.1
OG0006132	STRK1_52030.1	SRDH2_52490.1, SRDH2_52490.2, SRDH2_52490.3
OG0006133	STRK1_67040.1	SRDH2_71020.1
OG0006134	STRK1_18720.1	SRDH2_20760.9, SRDH2_20760.8, SRDH2_20890.1
OG0006135	STRK1_1630.1	SRDH2_1990.1, SRDH2_1990.2
OG0006136	STRK1_71030.1, STRK1_71030.2	SRDH2_78720.1
OG0006137	STRK1_19470.1	SRDH2_21420.1
OG0006139	STRK1_11890.1	SRDH2_15230.1
OG0006140	STRK1_71500.1	SRDH2_75220.1
OG0006141	STRK1_29360.1, STRK1_29360.2	SRDH2_31020.1
OG0006143	STRK1_2220.1	SRDH2_19050.1, SRDH2_19050.2
OG0006144	STRK1_60220.1	SRDH2_62520.1
OG0006145	STRK1_28580.1	SRDH2_38990.1, SRDH2_38990.2, SRDH2_38990.3, SRDH2_38990.4
OG0006146	STRK1_72700.1	SRDH2_79930.1
OG0006147	STRK1_87850.1	SRDH2_91120.1
OG0006148	STRK1_45620.1	SRDH2_70900.1
OG0006149	STRK1_7020.1, STRK1_7020.2	SRDH2_7340.1, SRDH2_7350.1
OG0006150	STRK1_31950.1	SRDH2_36760.1
OG0006151	STRK1_39730.1	SRDH2_41910.1
OG0006153	STRK1_61490.1	SRDH2_61980.1
OG0006154	STRK1_83620.1	SRDH2_89060.1, SRDH2_89060.3, SRDH2_89060.2
OG0006155	STRK1_18110.1	SRDH2_20330.1
OG0006156	STRK1_71010.1	SRDH2_78750.1
OG0006157	STRK1_42470.1	SRDH2_45360.1
OG0006158	STRK1_19490.1	SRDH2_21380.1
OG0006159	STRK1_22080.1	SRDH2_23960.1
OG0006160	STRK1_14520.1	SRDH2_17030.1, SRDH2_17030.2, SRDH2_17030.3
OG0006161	STRK1_82250.1	SRDH2_88010.1
OG0006162	STRK1_13350.1	SRDH2_19390.1, SRDH2_19390.2, SRDH2_19390.3, SRDH2_19390.4
OG0006163	STRK1_1050.1	SRDH2_1670.1
OG0006164	STRK1_91220.1, STRK1_91220.2	SRDH2_440.1
OG0006165	STRK1_68310.1	SRDH2_71750.1
OG0006166	STRK1_45280.1	SRDH2_48200.1
OG0006168	STRK1_86100.1	SRDH2_92350.2, SRDH2_92350.3, SRDH2_92350.4, SRDH2_92350.1
OG0006170	STRK1_11790.1	SRDH2_15330.1
OG0006171	STRK1_16340.1	SRDH2_3960.1, SRDH2_3960.2, SRDH2_3960.3, SRDH2_3960.4
OG0006172	STRK1_39860.1	SRDH2_44320.1
OG0006173	STRK1_19650.1, STRK1_19650.2	SRDH2_21680.1
OG0006174	STRK1_1980.2	SRDH2_19690.1
OG0006175	STRK1_84400.1, STRK1_84410.1	SRDH2_89770.1
OG0006177	STRK1_85090.1	SRDH2_90090.1, SRDH2_90090.2, SRDH2_90090.3
OG0006178	STRK1_84090.1	SRDH2_90500.1, SRDH2_90500.2
OG0006179	STRK1_44420.1	SRDH2_46980.1
OG0006180	STRK1_52750.1	SRDH2_52410.2, SRDH2_52410.1
OG0006181	STRK1_77140.1	SRDH2_81280.1, SRDH2_81280.2
OG0006182	STRK1_27840.1	SRDH2_38100.1
OG0006183	STRK1_98430.1, STRK1_105450.1, STRK1_98910.1	SRDH2_34630.1
OG0006184	STRK1_97650.1, STRK1_99440.1, STRK1_97660.1, STRK1_97690.1	SRDH2_40640.1
OG0006185	STRK1_45900.1	SRDH2_48600.1
OG0006186	STRK1_93580.1	SRDH2_96210.1
OG0006187	STRK1_40980.1	SRDH2_43250.1, SRDH2_43250.2
OG0006188	STRK1_40940.1	SRDH2_43290.1, SRDH2_43290.2
OG0006189	STRK1_92690.1, STRK1_92690.2	SRDH2_98930.1
OG0006190	STRK1_109040.1, STRK1_92790.1	SRDH2_99020.1
OG0006191	STRK1_90680.1	SRDH2_99820.1
OG0006192	STRK1_85860.1, STRK1_85890.1	SRDH2_92200.5, SRDH2_92200.4, SRDH2_92200.1, SRDH2_92200.2, SRDH2_92200.3
OG0006193	STRK1_88430.1	SRDH2_92140.1
OG0006195	STRK1_69790.1, STRK1_69790.2, STRK1_69800.1	SRDH2_73720.1
OG0006196	STRK1_76150.2, STRK1_76150.1, STRK1_76150.3	SRDH2_78100.1
OG0006197	STRK1_62910.1	SRDH2_69780.1
OG0006198	STRK1_27760.1	SRDH2_38180.1
OG0006199	STRK1_26210.1, STRK1_25450.1	SRDH2_26970.3, SRDH2_26970.1, SRDH2_26970.2
OG0006200	STRK1_22710.1, STRK1_96040.1	SRDH2_25850.1
OG0006202	STRK1_21440.1, STRK1_21450.1	SRDH2_23450.1
OG0006203	STRK1_40380.1	SRDH2_43830.1
OG0006204	STRK1_28330.1	SRDH2_34340.1
OG0006205	STRK1_2710.1	SRDH2_18550.1, SRDH2_18550.2
OG0006206	STRK1_5380.1	SRDH2_13610.1
OG0006207	STRK1_18650.1	SRDH2_20840.2, SRDH2_20840.1, SRDH2_20840.4, SRDH2_20840.3
OG0006208	STRK1_1370.1	SRDH2_2340.1
OG0006209	STRK1_17600.1	SRDH2_2570.1
OG0006210	STRK1_13180.3, STRK1_13180.1, STRK1_13180.2	SRDH2_7920.2, SRDH2_7920.1
OG0006211	STRK1_28770.1	SRDH2_38770.1, SRDH2_38780.1, SRDH2_38780.2
OG0006213	STRK1_61180.1, STRK1_61190.1, STRK1_61200.1	SRDH2_68640.1
OG0006214	STRK1_65780.1	SRDH2_70270.1
OG0006214	STRK1_65790.1	SRDH2_70260.1
OG0006215	STRK1_82240.1	SRDH2_88030.1
OG0006225	STRK1_64550.1	SRDH2_69420.2, SRDH2_69420.3, SRDH2_69420.1
OG0006226	STRK1_9580.1	SRDH2_10560.1
OG0006227	STRK1_10760.1	SRDH2_12110.1
OG0006228	STRK1_26410.1	SRDH2_26770.1
OG0006229	STRK1_3080.1, STRK1_3080.2	SRDH2_16310.1
OG0006230	STRK1_94390.1	SRDH2_96640.1
OG0006231	STRK1_96050.1	SRDH2_40880.1
OG0006233	STRK1_42890.1	SRDH2_44570.1
OG0006234	STRK1_11200.1	SRDH2_13290.1
OG0006235	STRK1_22470.1	SRDH2_26110.1
OG0006236	STRK1_66950.1	SRDH2_71110.1
OG0006237	STRK1_35210.1	SRDH2_40440.1
OG0006239	STRK1_73960.1	SRDH2_79110.1
OG0006240	STRK1_105230.1	SRDH2_85450.1
OG0006241	STRK1_53760.1	SRDH2_57320.1
OG0006242	STRK1_4710.1	SRDH2_15560.2, SRDH2_15560.3, SRDH2_15560.1, SRDH2_15560.4
OG0006243	STRK1_39840.1	SRDH2_44340.1, SRDH2_44340.2, SRDH2_44340.3
OG0006244	STRK1_67320.1	SRDH2_70740.1
OG0006245	STRK1_54840.1	SRDH2_56300.1
OG0006246	STRK1_78540.1	SRDH2_83200.2, SRDH2_83200.1
OG0006247	STRK1_87520.1	SRDH2_93640.1
OG0006248	STRK1_87370.1	SRDH2_93800.1
OG0006249	STRK1_43680.1	SRDH2_46850.1
OG0006250	STRK1_34280.1	SRDH2_34960.2, SRDH2_34960.1
OG0006251	STRK1_14720.1, STRK1_14720.3, STRK1_14720.2	SRDH2_16830.1
OG0006252	STRK1_35510.1	SRDH2_32160.1, SRDH2_32160.2
OG0006253	STRK1_85780.1	SRDH2_93380.1
OG0006255	STRK1_30700.1	SRDH2_33460.1
OG0006257	STRK1_94790.1	SRDH2_97170.1
OG0006258	STRK1_64850.1	SRDH2_69140.1
OG0006259	STRK1_85680.1	SRDH2_93460.1
OG0006260	STRK1_24560.1, STRK1_24560.2	SRDH2_24310.1
OG0006261	STRK1_71230.1, STRK1_71220.1	SRDH2_78500.1, SRDH2_78500.2
OG0006262	STRK1_66470.1	SRDH2_70600.1
OG0006263	STRK1_81050.1	SRDH2_86480.1
OG0006264	STRK1_74820.1	SRDH2_79620.1
OG0006265	STRK1_21390.1	SRDH2_23410.1, SRDH2_23410.2
OG0006266	STRK1_54400.1, STRK1_99620.1	SRDH2_51670.1
OG0006267	STRK1_38860.1	SRDH2_40970.1, SRDH2_40970.2
OG0006269	STRK1_50960.1	SRDH2_49090.1
OG0006270	STRK1_14680.1	SRDH2_16850.1, SRDH2_16850.2, SRDH2_16850.3
OG0006271	STRK1_1810.1	SRDH2_19860.1
OG0006272	STRK1_9090.1	SRDH2_9970.1
OG0006273	STRK1_42710.1	SRDH2_44700.1, SRDH2_44700.2, SRDH2_44700.4, SRDH2_44700.3
OG0006274	STRK1_43190.1	SRDH2_45690.1
OG0006275	STRK1_77710.1	SRDH2_82550.1, SRDH2_82550.2, SRDH2_82550.3, SRDH2_82550.4
OG0006276	STRK1_83130.1	SRDH2_88430.1
OG0006277	STRK1_39820.1, STRK1_39820.2	SRDH2_44360.1
OG0006278	STRK1_81840.1	SRDH2_87400.1
OG0006279	STRK1_86030.1, STRK1_110560.1, STRK1_86040.1, STRK1_38420.1	SRDH2_40270.1
OG0006280	STRK1_5630.1	SRDH2_13820.1
OG0006281	STRK1_31430.1	SRDH2_36220.1
OG0006282	STRK1_74910.1	SRDH2_79720.2, SRDH2_79720.1, SRDH2_79720.3, SRDH2_79720.4
OG0006283	STRK1_39610.1, STRK1_39610.2	SRDH2_41790.1
OG0006284	STRK1_70090.1	SRDH2_73380.1
OG0006285	STRK1_47910.1	SRDH2_55180.1
OG0006286	STRK1_59430.1	SRDH2_64160.1
OG0006287	STRK1_75150.1	SRDH2_75670.1
OG0006288	STRK1_75320.1	SRDH2_75820.1
OG0006289	STRK1_74780.1	SRDH2_79570.1, SRDH2_79570.2
OG0006290	STRK1_61860.1	SRDH2_67070.1
OG0006291	STRK1_60880.1	SRDH2_63270.1
OG0006292	STRK1_106920.1	SRDH2_70100.1
OG0006293	STRK1_90600.1	SRDH2_99400.1
OG0006294	STRK1_24150.1	SRDH2_24930.1
OG0006295	STRK1_91170.1	SRDH2_98360.1
OG0006296	STRK1_39010.1, STRK1_39020.1, STRK1_39030.1	SRDH2_41130.1
OG0006297	STRK1_104810.1, STRK1_104800.1, STRK1_26030.1, STRK1_26040.1	SRDH2_27110.1
OG0006298	STRK1_91180.1	SRDH2_390.1, SRDH2_390.2, SRDH2_390.3, SRDH2_390.4
OG0006299	STRK1_1380.1	SRDH2_2330.2, SRDH2_2330.1, SRDH2_2330.3, SRDH2_2330.4
OG0006300	STRK1_8860.1	SRDH2_9600.1
OG0006301	STRK1_7090.1	SRDH2_7460.1
OG0006302	STRK1_48240.1	SRDH2_55510.1
OG0006303	STRK1_880.1	SRDH2_1520.1
OG0006304	STRK1_50020.1	SRDH2_49950.1
OG0006305	STRK1_99560.5, STRK1_99560.2, STRK1_99560.3, STRK1_99560.4, STRK1_99560.1	SRDH2_70170.2, SRDH2_70170.3, SRDH2_70170.1
OG0006306	STRK1_13480.1	SRDH2_17970.1, SRDH2_17970.2
OG0006307	STRK1_36390.1	SRDH2_32950.1
OG0006308	STRK1_71690.1	SRDH2_72500.1
OG0006309	STRK1_76410.1	SRDH2_80670.1
OG0006310	STRK1_5820.1	SRDH2_6720.1
OG0006311	STRK1_85470.1	SRDH2_91590.1, SRDH2_91590.2
OG0006312	STRK1_74670.1	SRDH2_79470.1
OG0006313	STRK1_75960.1	SRDH2_77850.1
OG0006315	STRK1_91620.1	SRDH2_96050.1
OG0006316	STRK1_66270.1	SRDH2_70120.1
OG0006317	STRK1_49200.1	SRDH2_50780.1
OG0006318	STRK1_48960.1	SRDH2_51040.1
OG0006319	STRK1_86120.1	SRDH2_92370.1
OG0006320	STRK1_32680.1, STRK1_32660.1	SRDH2_31390.1
OG0006321	STRK1_480.1	SRDH2_970.1
OG0006322	STRK1_25670.1	SRDH2_57470.1
OG0006323	STRK1_35250.1	SRDH2_35910.1
OG0006324	STRK1_18660.3	SRDH2_20850.1
OG0006325	STRK1_3390.1	SRDH2_5810.1, SRDH2_5810.2, SRDH2_5810.3
OG0006326	STRK1_92580.1	SRDH2_99250.1
OG0006327	STRK1_100820.1	SRDH2_25290.1
OG0006328	STRK1_55680.1, STRK1_55690.1	SRDH2_58590.1, SRDH2_58590.2, SRDH2_58590.3
OG0006329	STRK1_64790.1	SRDH2_69190.1, SRDH2_69200.1
OG0006330	STRK1_85180.1	SRDH2_91900.1
OG0006331	STRK1_57530.1	SRDH2_61110.1, SRDH2_61110.2
OG0006332	STRK1_42230.4, STRK1_42230.1, STRK1_42230.2, STRK1_42230.3	SRDH2_45670.1
OG0006333	STRK1_58210.1, STRK1_58210.2	SRDH2_61730.1, SRDH2_61730.2
OG0006334	STRK1_80560.1	SRDH2_84990.1
OG0006335	STRK1_94520.3, STRK1_94520.2, STRK1_94520.1	SRDH2_98310.1
OG0006336	STRK1_101040.1	SRDH2_22230.1
OG0006339	STRK1_36250.1	SRDH2_33130.1
OG0006340	STRK1_40220.1	SRDH2_43960.1
OG0006341	STRK1_46130.1	SRDH2_54310.1
OG0006342	STRK1_81490.1, STRK1_81490.2	SRDH2_86810.1
OG0006343	STRK1_60280.1	SRDH2_62580.1
OG0006344	STRK1_26850.1	SRDH2_26390.1
OG0006345	STRK1_68840.1	SRDH2_74770.1
OG0006346	STRK1_85940.1	SRDH2_92260.1
OG0006347	STRK1_23940.1	SRDH2_28070.1, SRDH2_28070.2
OG0006348	STRK1_42290.1	SRDH2_45620.1
OG0006349	STRK1_12470.1, STRK1_12470.2	SRDH2_8730.1
OG0006351	STRK1_74060.1, STRK1_74050.1	SRDH2_78990.1
OG0006353	STRK1_67570.1	SRDH2_71610.1
OG0006354	STRK1_21990.1	SRDH2_74030.1
OG0006355	STRK1_62590.1	SRDH2_52350.1
OG0006356	STRK1_77100.1, STRK1_77110.1	SRDH2_81340.1
OG0006357	STRK1_80960.1	SRDH2_86140.1, SRDH2_86140.2
OG0006358	STRK1_15010.1	SRDH2_16530.5, SRDH2_16530.2, SRDH2_16530.4, SRDH2_16530.1
OG0006359	STRK1_52310.1	SRDH2_52010.1
OG0006360	STRK1_93500.1	SRDH2_96280.1
OG0006361	STRK1_48260.1	SRDH2_55490.1, SRDH2_55490.2
OG0006362	STRK1_18140.1	SRDH2_20360.1
OG0006363	STRK1_5460.1	SRDH2_13660.1
OG0006364	STRK1_80450.1	SRDH2_84920.1
OG0006365	STRK1_20000.1	SRDH2_23240.1
OG0006366	STRK1_102020.1, STRK1_47020.1	SRDH2_53370.1
OG0006367	STRK1_67710.1	SRDH2_71510.1
OG0006368	STRK1_63830.1, STRK1_63840.1	SRDH2_65240.1
OG0006369	STRK1_111330.1, STRK1_82390.1	SRDH2_87940.1
OG0006370	STRK1_69190.1	SRDH2_74450.1
OG0006371	STRK1_78550.1	SRDH2_83190.1
OG0006372	STRK1_39260.1	SRDH2_41410.1
OG0006373	STRK1_76240.1	SRDH2_80540.1, SRDH2_80540.2, SRDH2_80540.3
OG0006374	STRK1_52160.1	SRDH2_51830.1
OG0006375	STRK1_107250.1, STRK1_20270.1, STRK1_108410.1, STRK1_19530.1	SRDH2_21630.1
OG0006376	STRK1_66720.1	SRDH2_90270.1
OG0006377	STRK1_60710.1	SRDH2_63080.1
OG0006378	STRK1_51680.1	SRDH2_54730.1
OG0006379	STRK1_83370.1	SRDH2_88980.1
OG0006380	STRK1_85310.1	SRDH2_91720.1, SRDH2_91720.3, SRDH2_91720.2
OG0006381	STRK1_72050.1	SRDH2_77090.1
OG0006382	STRK1_82640.1	SRDH2_87570.1
OG0006383	STRK1_78740.1, STRK1_78720.1, STRK1_78730.1	SRDH2_83530.1
OG0006385	STRK1_13410.1	SRDH2_18220.1
OG0006386	STRK1_53390.1	SRDH2_58050.1, SRDH2_58050.2, SRDH2_58050.3
OG0006387	STRK1_72340.1	SRDH2_80300.1
OG0006388	STRK1_57640.1, STRK1_57640.2	SRDH2_61230.1
OG0006389	STRK1_81850.1	SRDH2_87410.1
OG0006390	STRK1_63450.1	SRDH2_66250.1, SRDH2_66250.2
OG0006392	STRK1_90000.1	SRDH2_99450.1
OG0006393	STRK1_67270.1	SRDH2_70680.1
OG0006394	STRK1_51180.1	SRDH2_48860.1
OG0006395	STRK1_11140.1	SRDH2_102610.1
OG0006396	STRK1_18880.1	SRDH2_20990.1
OG0006397	STRK1_77640.1, STRK1_77650.1	SRDH2_80760.7, SRDH2_80760.8, SRDH2_80810.1
OG0006398	STRK1_3570.1	SRDH2_6080.1
OG0006399	STRK1_8130.1, STRK1_8140.1	SRDH2_14770.1
OG0006400	STRK1_72130.1	SRDH2_77180.1, SRDH2_77180.2
OG0006401	STRK1_45140.1	SRDH2_47920.1
OG0006402	STRK1_26700.1, STRK1_26700.2	SRDH2_26230.1
OG0006403	STRK1_80840.1	SRDH2_510.1, SRDH2_510.3, SRDH2_510.2
OG0006404	STRK1_34900.1	SRDH2_35600.1
OG0006405	STRK1_49020.1	SRDH2_51090.1
OG0006406	STRK1_46940.1	SRDH2_53450.1
OG0006407	STRK1_1780.1, STRK1_1780.2	SRDH2_19890.1
OG0006408	STRK1_76030.1	SRDH2_77930.1
OG0006409	STRK1_46230.1	SRDH2_54180.1
OG0006410	STRK1_410.1, STRK1_410.2	SRDH2_910.1
OG0006411	STRK1_1680.1	SRDH2_1950.1, SRDH2_1950.2
OG0006412	STRK1_13500.1, STRK1_13510.1	SRDH2_18000.1
OG0006413	STRK1_104440.1, STRK1_87390.1	SRDH2_93770.1
OG0006414	STRK1_83640.1, STRK1_83650.1	SRDH2_89120.1
OG0006415	STRK1_24030.1	SRDH2_24850.1
OG0006416	STRK1_61420.1	SRDH2_62070.1
OG0006417	STRK1_49130.1, STRK1_105070.1	SRDH2_50870.1
OG0006418	STRK1_12110.2	SRDH2_9140.1
OG0006419	STRK1_24330.1	SRDH2_28460.1
OG0006420	STRK1_63700.1	SRDH2_65350.1, SRDH2_65350.2, SRDH2_65350.3
OG0006421	STRK1_3230.1, STRK1_3230.2	SRDH2_5680.2, SRDH2_5680.1, SRDH2_5680.3
OG0006422	STRK1_86260.1	SRDH2_92470.1
OG0006423	STRK1_80460.1	SRDH2_84930.1
OG0006424	STRK1_49040.1	SRDH2_50960.1
OG0006425	STRK1_76320.1	SRDH2_80600.1
OG0006426	STRK1_18590.1	SRDH2_20830.1
OG0006427	STRK1_34290.1	SRDH2_34970.1
OG0006428	STRK1_91250.1	SRDH2_370.1
OG0006429	STRK1_10240.1	SRDH2_11330.1
OG0006430	STRK1_16760.2	SRDH2_3300.1
OG0006431	STRK1_103710.1, STRK1_103960.1	SRDH2_93960.1
OG0006432	STRK1_77410.1	SRDH2_81030.1, SRDH2_81030.2
OG0006433	STRK1_41140.1	SRDH2_43170.1
OG0006434	STRK1_94930.1	SRDH2_96540.1
OG0006435	STRK1_79930.1	SRDH2_83580.1
OG0006436	STRK1_67440.1	SRDH2_70790.1
OG0006437	STRK1_88770.1	SRDH2_94330.1
OG0006438	STRK1_71130.1	SRDH2_78610.1, SRDH2_78610.2, SRDH2_78610.4, SRDH2_78610.3
OG0006439	STRK1_11750.1, STRK1_11750.2	SRDH2_12580.1
OG0006440	STRK1_52080.1, STRK1_52080.2	SRDH2_51750.1
OG0006441	STRK1_92960.1	SRDH2_99180.1
OG0006442	STRK1_35900.1	SRDH2_32540.1, SRDH2_32540.2, SRDH2_32540.3
OG0006443	STRK1_17960.1, STRK1_17960.3, STRK1_17960.2	SRDH2_20170.1
OG0006444	STRK1_87400.1	SRDH2_93730.1, SRDH2_93730.2, SRDH2_93730.3
OG0006446	STRK1_46510.1	SRDH2_53960.1
OG0006449	STRK1_31960.1	SRDH2_36780.1
OG0006450	STRK1_111200.1, STRK1_17420.1	SRDH2_2780.1
OG0006451	STRK1_69130.1	SRDH2_74500.1
OG0006452	STRK1_54320.1	SRDH2_57930.1, SRDH2_57930.2, SRDH2_57930.3
OG0006453	STRK1_67340.1	SRDH2_70750.1
OG0006454	STRK1_9100.1	SRDH2_9980.1
OG0006455	STRK1_54550.1	SRDH2_51590.1
OG0006456	STRK1_1090.1	SRDH2_1730.1
OG0006457	STRK1_105200.1	SRDH2_55450.1, SRDH2_55450.2
OG0006458	STRK1_63050.1	SRDH2_69650.1
OG0006459	STRK1_53810.1	SRDH2_57270.1
OG0006460	STRK1_62550.1	SRDH2_65890.1
OG0006461	STRK1_83500.1	SRDH2_88880.1
OG0006462	STRK1_54650.1	SRDH2_51480.1
OG0006463	STRK1_59760.1	SRDH2_63780.1
OG0006464	STRK1_20350.1	SRDH2_22610.1
OG0006465	STRK1_74530.1	SRDH2_79320.1
OG0006466	STRK1_88100.1	SRDH2_90850.1
OG0006467	STRK1_9870.1, STRK1_9870.2	SRDH2_10900.1
OG0006468	STRK1_37670.1	SRDH2_42920.1
OG0006469	STRK1_4840.1, STRK1_4870.1	SRDH2_15400.1
OG0006471	STRK1_94060.1	SRDH2_86080.1
OG0006472	STRK1_94090.1	SRDH2_86050.1
OG0006473	STRK1_65280.1, STRK1_65290.1	SRDH2_63620.1, SRDH2_63620.2, SRDH2_63620.3
OG0006474	STRK1_59150.1	SRDH2_66600.1, SRDH2_66600.2
OG0006475	STRK1_95760.1, STRK1_95790.1	SRDH2_12660.1, SRDH2_12660.2
OG0006476	STRK1_16960.1	SRDH2_3250.1
OG0006477	STRK1_23980.1	SRDH2_28040.1
OG0006478	STRK1_7350.1	SRDH2_7740.1, SRDH2_7740.2
OG0006480	STRK1_20640.1	SRDH2_22410.1, SRDH2_22410.2
OG0006481	STRK1_64950.1	SRDH2_69030.1
OG0006482	STRK1_17880.1	SRDH2_20100.1, SRDH2_20100.3, SRDH2_20100.2, SRDH2_20100.4
OG0006483	STRK1_61520.1, STRK1_61540.1, STRK1_61530.1	SRDH2_61950.1
OG0006484	STRK1_68250.1	SRDH2_71670.1
OG0006485	STRK1_15920.1	SRDH2_4420.1
OG0006486	STRK1_20630.1	SRDH2_22400.1
OG0006487	STRK1_71370.1, STRK1_71370.2	SRDH2_75340.1
OG0006488	STRK1_14780.1	SRDH2_16750.1, SRDH2_16750.2
OG0006489	STRK1_10500.1	SRDH2_11520.1
OG0006491	STRK1_82490.1	SRDH2_87860.1, SRDH2_87860.2
OG0006493	STRK1_21790.1	SRDH2_23710.1
OG0006495	STRK1_94260.1	SRDH2_85860.1
OG0006496	STRK1_43060.1	SRDH2_45480.1
OG0006497	STRK1_8430.1	SRDH2_15070.1
OG0006498	STRK1_1280.1	SRDH2_1870.1
OG0006499	STRK1_3310.1	SRDH2_5740.1, SRDH2_5740.3, SRDH2_5740.2
OG0006501	STRK1_86780.1	SRDH2_92850.1
OG0006502	STRK1_107830.1, STRK1_108750.1	SRDH2_71620.1
OG0006503	STRK1_78270.1	SRDH2_82440.1
OG0006504	STRK1_103600.1	SRDH2_83400.1
OG0006505	STRK1_80800.1	SRDH2_85370.3, SRDH2_85370.4, SRDH2_85370.2, SRDH2_85370.1
OG0006506	STRK1_63140.1	SRDH2_69540.1
OG0006508	STRK1_59180.1	SRDH2_66650.1
OG0006509	STRK1_94700.1, STRK1_94710.1	SRDH2_97250.1
OG0006510	STRK1_104760.1	SRDH2_27140.1
OG0006512	STRK1_35540.1	SRDH2_32190.1
OG0006513	STRK1_33330.1	SRDH2_37390.2, SRDH2_37390.1
OG0006514	STRK1_79030.1, STRK1_80360.1	SRDH2_84790.1
OG0006515	STRK1_37660.1	SRDH2_42910.1
OG0006516	STRK1_29310.1	SRDH2_31070.1
OG0006517	STRK1_93180.1	SRDH2_98700.1
OG0006518	STRK1_92450.1, STRK1_92460.1, STRK1_92430.1, STRK1_101000.1	SRDH2_99360.1
OG0006519	STRK1_91850.1	SRDH2_96780.1
OG0006520	STRK1_91010.1	SRDH2_97890.1, SRDH2_97890.2
OG0006521	STRK1_88210.1, STRK1_88220.1, STRK1_88190.2, STRK1_88190.1	SRDH2_90760.1
OG0006523	STRK1_74100.1, STRK1_74100.2	SRDH2_78960.1
OG0006524	STRK1_70420.1	SRDH2_73050.1, SRDH2_73050.2
OG0006526	STRK1_34540.1, STRK1_34550.1	SRDH2_35210.1, SRDH2_35230.1
OG0006527	STRK1_39440.1	SRDH2_41640.1, SRDH2_41640.3, SRDH2_41640.4, SRDH2_41640.5, SRDH2_41640.2
OG0006528	STRK1_42150.1	SRDH2_44940.1, SRDH2_44950.1
OG0006529	STRK1_2410.1	SRDH2_18890.3, SRDH2_18890.1, SRDH2_18890.2
OG0006531	STRK1_50390.1, STRK1_50390.2	SRDH2_49540.3, SRDH2_49540.4, SRDH2_49540.2, SRDH2_49540.1, SRDH2_49530.1, SRDH2_49530.2
OG0006532	STRK1_78590.1	SRDH2_83440.1
OG0006533	STRK1_84250.1	SRDH2_90400.1
OG0006534	STRK1_26440.1, STRK1_26440.2	SRDH2_26740.1, SRDH2_26740.2, SRDH2_26740.4, SRDH2_26740.3
OG0006535	STRK1_63710.1	SRDH2_65360.1, SRDH2_65360.2
OG0006543	STRK1_93960.1	SRDH2_85440.1
OG0006544	STRK1_92820.1	SRDH2_99050.1
OG0006545	STRK1_69630.1	SRDH2_73870.1
OG0006546	STRK1_86250.1	SRDH2_92460.1
OG0006547	STRK1_51280.1	SRDH2_48750.1, SRDH2_48750.2
OG0006548	STRK1_92270.1	SRDH2_96370.1
OG0006549	STRK1_66960.1	SRDH2_71100.2, SRDH2_71100.1
OG0006551	STRK1_74400.1	SRDH2_76600.1
OG0006552	STRK1_4720.1	SRDH2_15550.1
OG0006553	STRK1_73830.1	SRDH2_79250.1
OG0006554	STRK1_105650.1, STRK1_99230.1	SRDH2_44080.1
OG0006555	STRK1_89680.1	SRDH2_95550.1
OG0006556	STRK1_51800.1	SRDH2_54840.1, SRDH2_54840.2
OG0006557	STRK1_60210.1	SRDH2_62510.1
OG0006558	STRK1_68950.1	SRDH2_74650.1
OG0006559	STRK1_6930.1	SRDH2_5260.1
OG0006560	STRK1_26070.1	SRDH2_27080.1
OG0006561	STRK1_64890.1	SRDH2_69090.1
OG0006562	STRK1_11670.1	SRDH2_12690.1, SRDH2_12650.1, SRDH2_12650.2
OG0006563	STRK1_85110.1	SRDH2_90110.1
OG0006564	STRK1_101090.1	SRDH2_39170.1
OG0006565	STRK1_14470.1	SRDH2_17110.1
OG0006566	STRK1_36670.1	SRDH2_29600.1
OG0006567	STRK1_29780.1	SRDH2_30630.1
OG0006568	STRK1_19020.1	SRDH2_21200.1
OG0006569	STRK1_36690.1	SRDH2_29570.1
OG0006570	STRK1_55140.1, STRK1_55150.1	SRDH2_56660.1
OG0006571	STRK1_65470.1	SRDH2_63440.1
OG0006572	STRK1_44240.1	SRDH2_47180.1
OG0006573	STRK1_1640.1	SRDH2_1980.3, SRDH2_1980.2, SRDH2_1980.1
OG0006574	STRK1_63060.1	SRDH2_69630.1
OG0006575	STRK1_55900.1	SRDH2_59150.1, SRDH2_59150.2
OG0006576	STRK1_56000.1	SRDH2_59260.1
OG0006577	STRK1_30510.1	SRDH2_33330.2, SRDH2_33330.1, SRDH2_33330.3
OG0006578	STRK1_45920.1	SRDH2_48620.1, SRDH2_48620.2
OG0006579	STRK1_37550.1	SRDH2_42810.1
OG0006580	STRK1_71150.1	SRDH2_78570.1
OG0006581	STRK1_26080.1	SRDH2_27070.1
OG0006582	STRK1_29400.1	SRDH2_30980.1, SRDH2_30990.1
OG0006583	STRK1_102930.1, STRK1_108630.1	SRDH2_89280.1
OG0006584	STRK1_17620.1	SRDH2_2550.1
OG0006585	STRK1_2720.1	SRDH2_18540.1
OG0006586	STRK1_33600.1	SRDH2_37540.2, SRDH2_37540.1
OG0006588	STRK1_11380.1	SRDH2_13040.1
OG0006589	STRK1_19850.1	SRDH2_22860.1
OG0006590	STRK1_19870.1	SRDH2_22840.1
OG0006591	STRK1_70130.1	SRDH2_73350.1
OG0006592	STRK1_81710.1, STRK1_81710.2	SRDH2_87010.1
OG0006593	STRK1_68660.1	SRDH2_74950.1
OG0006594	STRK1_46220.1	SRDH2_54190.1
OG0006595	STRK1_47840.1	SRDH2_54440.1
OG0006596	STRK1_76440.1	SRDH2_80720.1
OG0006597	STRK1_74770.1, STRK1_74770.2, STRK1_74770.3	SRDH2_79560.1
OG0006598	STRK1_94760.1	SRDH2_97210.1
OG0006599	STRK1_22030.1	SRDH2_23920.1
OG0006600	STRK1_77360.1	SRDH2_81080.1, SRDH2_81080.2
OG0006601	STRK1_46180.1	SRDH2_54240.1
OG0006602	STRK1_23050.1	SRDH2_25540.1
OG0006603	STRK1_91570.1	SRDH2_95990.1
OG0006604	STRK1_53680.1	SRDH2_57410.1, SRDH2_57410.2, SRDH2_57410.3
OG0006606	STRK1_71790.1	SRDH2_72610.1
OG0006607	STRK1_26460.1	SRDH2_26690.1
OG0006608	STRK1_19000.1	SRDH2_21260.1
OG0006609	STRK1_83720.1	SRDH2_89210.1
OG0006610	STRK1_79040.1	SRDH2_82890.1
OG0006611	STRK1_92280.2	SRDH2_96380.1
OG0006613	STRK1_54020.1	SRDH2_57560.1
OG0006614	STRK1_63300.1	SRDH2_66100.4, SRDH2_66100.2, SRDH2_66100.3, SRDH2_66100.1
OG0006615	STRK1_27510.1	SRDH2_36080.1
OG0006616	STRK1_69050.1	SRDH2_74560.1, SRDH2_74560.2, SRDH2_74560.3, SRDH2_74560.4, SRDH2_74560.5
OG0006617	STRK1_101690.1	SRDH2_71580.1
OG0006618	STRK1_27990.1	SRDH2_37850.1
OG0006619	STRK1_24820.1, STRK1_98160.1	SRDH2_24550.1
OG0006620	STRK1_1510.1	SRDH2_2160.1
OG0006621	STRK1_89830.1, STRK1_89820.1	SRDH2_95320.1
OG0006622	STRK1_14660.1	SRDH2_16870.1
OG0006623	STRK1_62780.1	SRDH2_69910.1
OG0006624	STRK1_35610.1	SRDH2_32250.1
OG0006625	STRK1_65570.1	SRDH2_63330.1
OG0006626	STRK1_27870.1, STRK1_33800.1	SRDH2_38080.1
OG0006627	STRK1_54330.1	SRDH2_58040.1
OG0006628	STRK1_89760.1	SRDH2_95400.1
OG0006629	STRK1_73420.1	SRDH2_77480.1, SRDH2_77480.2
OG0006631	STRK1_52660.1, STRK1_52670.1	SRDH2_52320.1
OG0006632	STRK1_41310.1, STRK1_41320.1	SRDH2_39310.1
OG0006633	STRK1_67700.1	SRDH2_71500.1
OG0006634	STRK1_39090.1	SRDH2_41200.1
OG0006635	STRK1_15510.1	SRDH2_7130.1
OG0006636	STRK1_23470.1	SRDH2_25220.1
OG0006637	STRK1_40700.1	SRDH2_43530.1
OG0006639	STRK1_77950.1	SRDH2_82140.1
OG0006640	STRK1_11960.1, STRK1_11960.2	SRDH2_9320.1
OG0006641	STRK1_75920.1	SRDH2_77810.1
OG0006642	STRK1_61670.1	SRDH2_68160.1
OG0006643	STRK1_55700.1	SRDH2_59840.1, SRDH2_59840.2
OG0006644	STRK1_24190.1, STRK1_24190.2	SRDH2_24980.1
OG0006645	STRK1_60290.1	SRDH2_62590.1
OG0006646	STRK1_51960.1	SRDH2_52580.1, SRDH2_52580.2
OG0006647	STRK1_62760.1	SRDH2_69930.1
OG0006648	STRK1_62710.1, STRK1_62720.1	SRDH2_66700.1
OG0006649	STRK1_100890.1, STRK1_100890.2, STRK1_100890.3, STRK1_100890.4	SRDH2_73250.1, SRDH2_73250.2
OG0006650	STRK1_96230.1	SRDH2_48210.1
OG0006651	STRK1_7910.1	SRDH2_14510.1, SRDH2_14510.2
OG0006652	STRK1_22420.1	SRDH2_24280.1
OG0006653	STRK1_58550.1	SRDH2_68030.1
OG0006654	STRK1_62750.1	SRDH2_69940.1
OG0006655	STRK1_27680.1	SRDH2_38260.1, SRDH2_38260.2
OG0006656	STRK1_27690.1, STRK1_27690.2	SRDH2_38250.1
OG0006657	STRK1_22830.1	SRDH2_25720.1
OG0006658	STRK1_74490.1	SRDH2_79280.1
OG0006659	STRK1_36000.1	SRDH2_32640.1
OG0006660	STRK1_82540.1	SRDH2_87780.1
OG0006661	STRK1_70400.1	SRDH2_73020.1
OG0006663	STRK1_41580.1	SRDH2_42250.1, SRDH2_42250.2, SRDH2_42250.3
OG0006664	STRK1_52300.1	SRDH2_52000.1
OG0006665	STRK1_31340.1	SRDH2_34140.1
OG0006666	STRK1_840.1	SRDH2_1400.1
OG0006667	STRK1_6350.1	SRDH2_6970.1, SRDH2_6970.3, SRDH2_6970.2
OG0006668	STRK1_24180.1	SRDH2_24960.1
OG0006669	STRK1_5470.1	SRDH2_13670.1
OG0006670	STRK1_68940.1	SRDH2_74660.1
OG0006671	STRK1_77540.1	SRDH2_80910.1
OG0006672	STRK1_4210.1	SRDH2_18430.1
OG0006673	STRK1_18500.1	SRDH2_20680.1, SRDH2_20680.2
OG0006674	STRK1_76480.1	SRDH2_82090.1
OG0006675	STRK1_20950.1	SRDH2_21960.1
OG0006676	STRK1_75660.1	SRDH2_76150.1, SRDH2_76150.2
OG0006678	STRK1_44970.1	SRDH2_47690.1
OG0006679	STRK1_31490.1, STRK1_31490.2	SRDH2_36280.1
OG0006680	STRK1_5680.1, STRK1_5680.2	SRDH2_13870.1
OG0006681	STRK1_60140.1	SRDH2_62460.1
OG0006682	STRK1_81390.1	SRDH2_86690.1
OG0006683	STRK1_19680.1	SRDH2_21710.1
OG0006684	STRK1_2570.1	SRDH2_18720.1
OG0006685	STRK1_34980.1	SRDH2_35710.1
OG0006686	STRK1_47690.1	SRDH2_52710.1
OG0006687	STRK1_85430.1	SRDH2_91630.1
OG0006688	STRK1_57340.1, STRK1_101960.1	SRDH2_60590.1
OG0006689	STRK1_60780.1	SRDH2_63160.1, SRDH2_63160.2
OG0006690	STRK1_60150.1	SRDH2_62470.1
OG0006691	STRK1_71110.1	SRDH2_78630.1
OG0006692	STRK1_15860.1	SRDH2_4490.1
OG0006693	STRK1_22040.1	SRDH2_23930.1
OG0006694	STRK1_72610.1	SRDH2_80010.1
OG0006695	STRK1_63800.1, STRK1_63800.2	SRDH2_65270.1
OG0006696	STRK1_84020.1	SRDH2_89390.1
OG0006697	STRK1_29340.1	SRDH2_31050.1
OG0006698	STRK1_41810.1, STRK1_41810.2, STRK1_41810.3, STRK1_41810.4	SRDH2_42130.1
OG0006699	STRK1_69090.1	SRDH2_74540.1
OG0006700	STRK1_38010.1, STRK1_38010.2	SRDH2_39850.1
OG0006701	STRK1_49830.1	SRDH2_50230.1
OG0006702	STRK1_87320.1	SRDH2_93860.1
OG0006703	STRK1_7410.1	SRDH2_7810.1
OG0006704	STRK1_36480.1	SRDH2_32850.1
OG0006705	STRK1_53000.1	SRDH2_58310.1
OG0006706	STRK1_39060.4, STRK1_39060.3, STRK1_39060.1, STRK1_39060.2	SRDH2_41170.1
OG0006707	STRK1_29520.1	SRDH2_30850.1
OG0006709	STRK1_18070.1, STRK1_18070.2	SRDH2_20300.2, SRDH2_20300.1
OG0006711	STRK1_61930.1	SRDH2_67150.1
OG0006712	STRK1_81530.1	SRDH2_86850.1
OG0006714	STRK1_21570.1	SRDH2_23550.1
OG0006715	STRK1_40080.1	SRDH2_44110.1
OG0006716	STRK1_108360.1, STRK1_43580.1	SRDH2_46130.1
OG0006717	STRK1_87170.1	SRDH2_93950.1
OG0006718	STRK1_21040.1	SRDH2_21840.1
OG0006719	STRK1_44060.1, STRK1_44060.2	SRDH2_47010.1
OG0006720	STRK1_25960.1	SRDH2_27210.1
OG0006721	STRK1_8070.1	SRDH2_14700.1
OG0006722	STRK1_27240.1	SRDH2_28980.1
OG0006723	STRK1_43570.1	SRDH2_46140.1
OG0006724	STRK1_16830.1	SRDH2_3360.1, SRDH2_3360.2
OG0006725	STRK1_59620.1	SRDH2_63920.1
OG0006726	STRK1_59260.1	SRDH2_64340.1, SRDH2_64340.2
OG0006727	STRK1_78090.1	SRDH2_82280.1
OG0006728	STRK1_94560.1	SRDH2_98270.1
OG0006729	STRK1_93000.1	SRDH2_98860.1
OG0006730	STRK1_32040.1	SRDH2_36870.1, SRDH2_36870.2
OG0006731	STRK1_85010.1	SRDH2_89970.1
OG0006732	STRK1_58610.1	SRDH2_67980.1
OG0006733	STRK1_110720.1, STRK1_55240.1, STRK1_55210.1, STRK1_55240.2	SRDH2_10470.1, SRDH2_10480.1
OG0006734	STRK1_89180.1	SRDH2_94830.1
OG0006735	STRK1_64120.1	SRDH2_64940.1
OG0006736	STRK1_71380.1	SRDH2_75330.1
OG0006737	STRK1_84760.1, STRK1_84760.2	SRDH2_2380.2, SRDH2_2380.3, SRDH2_2380.1
OG0006738	STRK1_42260.1	SRDH2_45640.1
OG0006739	STRK1_19310.1, STRK1_19310.2, STRK1_19310.3	SRDH2_21550.1
OG0006740	STRK1_80100.1	SRDH2_84540.1
OG0006741	STRK1_11570.1	SRDH2_12920.1
OG0006742	STRK1_10360.1, STRK1_10360.2	SRDH2_11440.1
OG0006743	STRK1_49090.1	SRDH2_50910.1, SRDH2_50910.2
OG0006744	STRK1_84950.1	SRDH2_89680.1
OG0006745	STRK1_81590.1	SRDH2_86900.1
OG0006747	STRK1_78390.1, STRK1_81730.1, STRK1_81740.1	SRDH2_83340.1
OG0006748	STRK1_10290.1, STRK1_10290.2, STRK1_10300.1, STRK1_10300.2	SRDH2_11380.1
OG0006749	STRK1_33750.1	SRDH2_37660.1
OG0006750	STRK1_89110.1	SRDH2_94760.1
OG0006751	STRK1_102940.1, STRK1_111500.1, STRK1_111510.1	SRDH2_56910.1
OG0006752	STRK1_11830.1	SRDH2_15290.1
OG0006753	STRK1_66750.1	SRDH2_70390.1
OG0006754	STRK1_49910.1	SRDH2_49990.1
OG0006755	STRK1_63410.1	SRDH2_66220.1
OG0006756	STRK1_83300.1	SRDH2_88790.1
OG0006758	STRK1_63600.1	SRDH2_65500.1
OG0006759	STRK1_9880.1	SRDH2_10920.1, SRDH2_10920.2, SRDH2_10920.3
OG0006760	STRK1_63760.1	SRDH2_65300.1, SRDH2_65300.2
OG0006762	STRK1_92080.1	SRDH2_97050.1
OG0006763	STRK1_2300.2, STRK1_2300.1	SRDH2_18970.1
OG0006764	STRK1_75360.1	SRDH2_75860.1
OG0006765	STRK1_102060.1, STRK1_102060.2, STRK1_84010.1	SRDH2_89400.1
OG0006766	STRK1_83440.1	SRDH2_88930.1
OG0006767	STRK1_83540.1	SRDH2_88820.2, SRDH2_88820.3, SRDH2_88820.1
OG0006768	STRK1_13130.1, STRK1_13130.2	SRDH2_7980.1
OG0006769	STRK1_75610.1	SRDH2_76110.1
OG0006771	STRK1_12710.1	SRDH2_8430.1
OG0006772	STRK1_65700.1, STRK1_102730.1	SRDH2_66710.1
OG0006773	STRK1_74510.1	SRDH2_79300.1
OG0006774	STRK1_1880.1	SRDH2_19770.1
OG0006775	STRK1_56930.1	SRDH2_61010.1
OG0006776	STRK1_61830.1	SRDH2_67040.1
OG0006777	STRK1_13740.1	SRDH2_17900.2, SRDH2_17900.1
OG0006779	STRK1_49430.1	SRDH2_50590.1
OG0006780	STRK1_93860.1	SRDH2_85540.1
OG0006781	STRK1_38590.1, STRK1_38590.2, STRK1_38590.3	SRDH2_40560.1
OG0006782	STRK1_66780.1	SRDH2_70360.1
OG0006783	STRK1_14040.1	SRDH2_17560.1
OG0006784	STRK1_16270.1	SRDH2_4040.1, SRDH2_4040.2
OG0006785	STRK1_61060.1	SRDH2_81360.2, SRDH2_81360.1
OG0006786	STRK1_19430.1	SRDH2_21450.1
OG0006787	STRK1_34600.1	SRDH2_35290.1
OG0006788	STRK1_62360.1	SRDH2_67580.1, SRDH2_67580.2
OG0006789	STRK1_11860.1	SRDH2_15260.1
OG0006790	STRK1_91640.1	SRDH2_96070.1, SRDH2_96070.2
OG0006792	STRK1_22100.1, STRK1_22100.2	SRDH2_23980.1, SRDH2_23980.2
OG0006793	STRK1_11810.1	SRDH2_15310.1
OG0006795	STRK1_11300.1	SRDH2_13170.1, SRDH2_13140.1
OG0006796	STRK1_15050.1	SRDH2_16470.1
OG0006797	STRK1_530.1	SRDH2_1020.1
OG0006798	STRK1_49970.1	SRDH2_50050.1
OG0006799	STRK1_41940.1	SRDH2_41950.1
OG0006800	STRK1_20540.1, STRK1_20540.2	SRDH2_22290.1, SRDH2_22290.2
OG0006801	STRK1_4560.1	SRDH2_15720.1
OG0006802	STRK1_4540.1	SRDH2_15750.1
OG0006803	STRK1_70950.1	SRDH2_78830.1
OG0006804	STRK1_93810.1	SRDH2_85620.1, SRDH2_85620.3, SRDH2_85620.4, SRDH2_85620.2
OG0006806	STRK1_30030.1	SRDH2_30400.1
OG0006807	STRK1_31550.1	SRDH2_36340.1
OG0006808	STRK1_25730.1	SRDH2_27440.1, SRDH2_27430.1
OG0006810	STRK1_66080.1	SRDH2_68470.1
OG0006811	STRK1_82690.1	SRDH2_87530.1, SRDH2_87530.2
OG0006816	STRK1_85870.1, STRK1_85880.1	SRDH2_92190.1
OG0006817	STRK1_26490.1	SRDH2_26640.1, SRDH2_26640.2, SRDH2_26640.3, SRDH2_26640.4, SRDH2_26640.5
OG0006818	STRK1_22270.1	SRDH2_24160.1
OG0006819	STRK1_2800.1	SRDH2_16030.1
OG0006820	STRK1_73540.1	SRDH2_77590.1
OG0006821	STRK1_28060.1	SRDH2_37910.1, SRDH2_37910.2
OG0006822	STRK1_15790.1	SRDH2_4530.2, SRDH2_4530.3, SRDH2_4530.4, SRDH2_4530.1
OG0006824	STRK1_94940.1	SRDH2_96530.1
OG0006826	STRK1_82500.1	SRDH2_87830.1
OG0006827	STRK1_87360.1	SRDH2_93810.1, SRDH2_93810.2, SRDH2_93810.3, SRDH2_93810.4, SRDH2_93810.5
OG0006828	STRK1_71200.1, STRK1_71190.1	SRDH2_78530.1
OG0006829	STRK1_62390.1, STRK1_62400.1	SRDH2_65740.1
OG0006830	STRK1_59450.1	SRDH2_64140.1
OG0006831	STRK1_31990.1	SRDH2_36810.1, SRDH2_36810.2
OG0006832	STRK1_26750.1	SRDH2_26270.1
OG0006833	STRK1_25810.1	SRDH2_27360.1
OG0006834	STRK1_25000.1	SRDH2_24750.1
OG0006835	STRK1_42080.1	SRDH2_45170.1, SRDH2_45090.1, SRDH2_45150.1, SRDH2_45110.1, SRDH2_45160.1
OG0006836	STRK1_14210.1	SRDH2_17410.3, SRDH2_17410.1
OG0006837	STRK1_30430.1	SRDH2_29880.1, SRDH2_29880.2
OG0006838	STRK1_64680.1, STRK1_64690.1	SRDH2_69300.1, SRDH2_69300.2
OG0006851	STRK1_64540.1	SRDH2_69430.1
OG0006852	STRK1_92810.1	SRDH2_99040.1
OG0006853	STRK1_2850.1	SRDH2_16070.1
OG0006854	STRK1_50340.1	SRDH2_49650.1
OG0006855	STRK1_90210.1	SRDH2_97640.1
OG0006856	STRK1_42460.1, STRK1_42460.2	SRDH2_45320.1
OG0006857	STRK1_86230.1	SRDH2_92440.1
OG0006858	STRK1_10790.1, STRK1_10790.2	SRDH2_12070.1
OG0006860	STRK1_3100.1	SRDH2_16320.1
OG0006861	STRK1_47380.1	SRDH2_53010.1
OG0006862	STRK1_36840.1	SRDH2_29420.2, SRDH2_29420.1
OG0006863	STRK1_49170.1, STRK1_49170.2	SRDH2_50800.1
OG0006864	STRK1_51300.1	SRDH2_48730.1
OG0006865	STRK1_23290.1	SRDH2_25350.1
OG0006866	STRK1_34190.1	SRDH2_34880.1
OG0006868	STRK1_10010.1	SRDH2_11090.1
OG0006869	STRK1_34480.1, STRK1_34480.2, STRK1_34480.3	SRDH2_35170.1, SRDH2_35170.2
OG0006870	STRK1_30330.1	SRDH2_29980.1
OG0006871	STRK1_84830.1, STRK1_84840.1	SRDH2_90200.1
OG0006872	STRK1_51380.1	SRDH2_48680.1
OG0006873	STRK1_6300.1	SRDH2_6880.1
OG0006874	STRK1_13850.1	SRDH2_17760.1
OG0006875	STRK1_62660.1	SRDH2_65980.1
OG0006877	STRK1_51130.1	SRDH2_48920.1
OG0006878	STRK1_80140.1	SRDH2_84570.1
OG0006879	STRK1_103170.1	SRDH2_60060.1
OG0006880	STRK1_78960.1	SRDH2_82960.1
OG0006881	STRK1_86750.1, STRK1_86770.1	SRDH2_92870.1
OG0006882	STRK1_88050.1	SRDH2_90920.1
OG0006883	STRK1_26260.1	SRDH2_26920.1
OG0006884	STRK1_69710.1	SRDH2_73760.1
OG0006885	STRK1_27010.1	SRDH2_28740.3, SRDH2_28740.4, SRDH2_28740.1, SRDH2_28740.2, SRDH2_28740.6, SRDH2_28740.5
OG0006886	STRK1_27810.1	SRDH2_38130.1
OG0006887	STRK1_22460.1	SRDH2_26130.1
OG0006889	STRK1_85440.1	SRDH2_91620.1
OG0006890	STRK1_86980.1	SRDH2_94170.1
OG0006891	STRK1_49310.1, STRK1_49310.2	SRDH2_50680.1
OG0006892	STRK1_106330.1	SRDH2_64990.1
OG0006893	STRK1_27110.1	SRDH2_28850.1
OG0006894	STRK1_93280.1, STRK1_95270.1	SRDH2_98610.1
OG0006895	STRK1_34880.1	SRDH2_35580.1
OG0006897	STRK1_37930.1	SRDH2_39730.1
OG0006898	STRK1_49940.1	SRDH2_50020.1
OG0006899	STRK1_32590.1	SRDH2_31450.1
OG0006900	STRK1_90130.1	SRDH2_97710.1
OG0006901	STRK1_64110.1, STRK1_64110.2	SRDH2_64950.1
OG0006903	STRK1_4980.1	SRDH2_12480.1, SRDH2_100300.1
OG0006904	STRK1_47560.1	SRDH2_52820.1
OG0006905	STRK1_89980.1	SRDH2_99470.3
OG0006906	STRK1_54090.1	SRDH2_57720.1
OG0006907	STRK1_48430.1	SRDH2_56040.1
OG0006908	STRK1_42320.1	SRDH2_45580.1
OG0006909	STRK1_8590.2, STRK1_8590.1, STRK1_8590.3, STRK1_8590.4	SRDH2_9400.1
OG0006910	STRK1_55880.1	SRDH2_59130.1, SRDH2_59130.2
OG0006911	STRK1_47200.1	SRDH2_53150.1
OG0006912	STRK1_11340.1	SRDH2_101850.1
OG0006913	STRK1_13380.1	SRDH2_19370.1, SRDH2_19370.2, SRDH2_19370.3
OG0006914	STRK1_102180.1	SRDH2_52630.1
OG0006915	STRK1_31640.1	SRDH2_36440.1
OG0006916	STRK1_93550.1	SRDH2_96240.1
OG0006917	STRK1_16740.1, STRK1_16740.2	SRDH2_3450.1
OG0006918	STRK1_31570.1	SRDH2_36360.1, SRDH2_102140.1
OG0006919	STRK1_33530.1	SRDH2_37450.1
OG0006920	STRK1_26050.1	SRDH2_27100.1
OG0006921	STRK1_60560.1	SRDH2_62900.2, SRDH2_62900.1
OG0006922	STRK1_8080.1	SRDH2_14720.1
OG0006923	STRK1_90010.1	SRDH2_101300.1, SRDH2_101310.1
OG0006924	STRK1_76640.1	SRDH2_81400.1
OG0006925	STRK1_48540.1	SRDH2_51360.1
OG0006926	STRK1_46430.1	SRDH2_54040.1, SRDH2_54040.2
OG0006927	STRK1_47280.1	SRDH2_53110.1
OG0006928	STRK1_15070.1	SRDH2_16440.1
OG0006929	STRK1_80340.1	SRDH2_84770.1
OG0006931	STRK1_9640.1	SRDH2_10630.1
OG0006933	STRK1_46970.1	SRDH2_53420.1
OG0006934	STRK1_37390.1	SRDH2_42660.1
OG0006935	STRK1_69030.1	SRDH2_74590.2, SRDH2_74590.1
OG0006936	STRK1_104220.1, STRK1_104710.1	SRDH2_38050.1
OG0006937	STRK1_48670.1	SRDH2_55850.1
OG0006938	STRK1_86350.1	SRDH2_92550.1
OG0006939	STRK1_41420.1, STRK1_41420.2	SRDH2_42410.1
OG0006940	STRK1_5160.1	SRDH2_13400.1
OG0006941	STRK1_4050.1	SRDH2_19360.2, SRDH2_19360.1, SRDH2_19360.3
OG0006942	STRK1_13790.1	SRDH2_17850.1
OG0006943	STRK1_91670.1	SRDH2_85720.1
OG0006944	STRK1_69910.1	SRDH2_73560.3, SRDH2_73560.1, SRDH2_73560.2
OG0006945	STRK1_22530.1	SRDH2_26040.1
OG0006946	STRK1_7530.1	SRDH2_14180.2, SRDH2_14180.1, SRDH2_14180.3
OG0006948	STRK1_35490.1	SRDH2_32140.1, SRDH2_32140.2
OG0006949	STRK1_71870.1	SRDH2_72700.1
OG0006950	STRK1_72310.1	SRDH2_77350.1
OG0006951	STRK1_111000.1, STRK1_111010.1	SRDH2_21230.1
OG0006952	STRK1_23950.1, STRK1_23960.1	SRDH2_28060.1
OG0006953	STRK1_57250.1	SRDH2_60740.1
OG0006954	STRK1_46860.1	SRDH2_53540.1, SRDH2_53540.2
OG0006955	STRK1_32540.1	SRDH2_31490.1
OG0006957	STRK1_69270.1, STRK1_69270.2	SRDH2_74360.1
OG0006958	STRK1_66990.1	SRDH2_71070.1
OG0006959	STRK1_98770.1, STRK1_84140.1	SRDH2_89270.1
OG0006961	STRK1_86860.1, STRK1_86860.2	SRDH2_92780.1
OG0006962	STRK1_46080.1	SRDH2_54920.1
OG0006963	STRK1_50310.1, STRK1_110230.1	SRDH2_49680.1
OG0006964	STRK1_59770.1	SRDH2_63770.1
OG0006965	STRK1_35670.1, STRK1_97880.1	SRDH2_33030.1
OG0006966	STRK1_60760.1	SRDH2_63140.1
OG0006967	STRK1_85460.1	SRDH2_91600.1
OG0006968	STRK1_33120.1	SRDH2_31740.1
OG0006969	STRK1_69210.1	SRDH2_74420.1
OG0006970	STRK1_69220.1	SRDH2_74410.1
OG0006971	STRK1_78210.1	SRDH2_82420.1
OG0006972	STRK1_60350.1	SRDH2_62650.1
OG0006974	STRK1_78440.1	SRDH2_83270.2, SRDH2_83270.1
OG0006975	STRK1_20940.1	SRDH2_21970.1
OG0006976	STRK1_66770.1	SRDH2_70370.1
OG0006977	STRK1_33880.1	SRDH2_34550.1
OG0006978	STRK1_27150.1, STRK1_100060.1	SRDH2_23780.1
OG0006979	STRK1_62980.1	SRDH2_69710.1
OG0006980	STRK1_77430.1	SRDH2_81010.1
OG0006981	STRK1_60630.1	SRDH2_62980.1
OG0006982	STRK1_54160.1	SRDH2_57670.1
OG0006983	STRK1_2980.1	SRDH2_16200.1
OG0006984	STRK1_52020.1	SRDH2_52500.1
OG0006985	STRK1_39040.1	SRDH2_41140.1
OG0006986	STRK1_16720.1	SRDH2_3470.1
OG0006987	STRK1_74620.1, STRK1_74620.2	SRDH2_79410.1
OG0006988	STRK1_104470.1, STRK1_74630.1	SRDH2_79420.1
OG0006989	STRK1_72730.1	SRDH2_75560.1
OG0006990	STRK1_1580.1	SRDH2_2050.1
OG0006993	STRK1_14000.1	SRDH2_17590.1
OG0006994	STRK1_6770.1	SRDH2_5130.1
OG0006995	STRK1_59720.1	SRDH2_63800.1
OG0006996	STRK1_91320.1	SRDH2_300.1
OG0006997	STRK1_83340.1	SRDH2_89010.1, SRDH2_89010.2
OG0006998	STRK1_76020.1	SRDH2_77920.1
OG0006999	STRK1_43710.1	SRDH2_46900.1
OG0007000	STRK1_93970.1	SRDH2_85300.1
OG0007001	STRK1_50510.1	SRDH2_49440.1
OG0007002	STRK1_110570.1	SRDH2_98080.1
OG0007003	STRK1_6290.2	SRDH2_6890.1
OG0007004	STRK1_93690.1	SRDH2_96130.2, SRDH2_96130.1, SRDH2_96130.3
OG0007005	STRK1_43700.1	SRDH2_46890.2, SRDH2_46890.1
OG0007006	STRK1_93520.1	SRDH2_96270.1
OG0007007	STRK1_40070.1, STRK1_96200.1, STRK1_96210.1	SRDH2_44120.1
OG0007008	STRK1_58590.1	SRDH2_67990.1
OG0007009	STRK1_87160.1, STRK1_87160.2, STRK1_87160.3	SRDH2_93940.1
OG0007010	STRK1_20210.1	SRDH2_23020.1, SRDH2_23020.2
OG0007011	STRK1_49050.1	SRDH2_50950.1
OG0007012	STRK1_45960.1, STRK1_45960.2	SRDH2_48660.1
OG0007013	STRK1_63520.1	SRDH2_65550.1, SRDH2_65550.2, SRDH2_65550.3
OG0007014	STRK1_5640.1	SRDH2_13830.1
OG0007015	STRK1_106050.1, STRK1_108730.1	SRDH2_81620.1
OG0007016	STRK1_13490.1	SRDH2_17980.1
OG0007017	STRK1_54720.1, STRK1_100510.1	SRDH2_51500.1
OG0007019	STRK1_73120.1	SRDH2_80500.1
OG0007020	STRK1_53350.1	SRDH2_57960.1
OG0007021	STRK1_50780.1	SRDH2_49250.1
OG0007022	STRK1_60920.1, STRK1_61000.1	SRDH2_62800.1
OG0007023	STRK1_43090.1	SRDH2_45450.1
OG0007024	STRK1_80760.1, STRK1_80760.2	SRDH2_85430.1
OG0007025	STRK1_87220.1	SRDH2_93890.1
OG0007026	STRK1_100660.1, STRK1_100660.2, STRK1_57680.1	SRDH2_61280.1, SRDH2_61280.2
OG0007027	STRK1_640.1	SRDH2_1240.1
OG0007028	STRK1_70830.1	SRDH2_76820.1, SRDH2_76820.2
OG0007029	STRK1_3750.1	SRDH2_19460.1
OG0007030	STRK1_68880.1	SRDH2_74730.1
OG0007031	STRK1_33050.1	SRDH2_31830.1
OG0007032	STRK1_77270.1	SRDH2_81140.1
OG0007033	STRK1_77280.1	SRDH2_81150.1
OG0007035	STRK1_67950.1	SRDH2_72330.1
OG0007036	STRK1_80260.1, STRK1_80220.1, STRK1_80250.1	SRDH2_84680.1
OG0007037	STRK1_57870.1	SRDH2_61490.1
OG0007038	STRK1_33110.1	SRDH2_31760.1
OG0007039	STRK1_46600.1, STRK1_104170.1	SRDH2_53810.1
OG0007040	STRK1_70320.1	SRDH2_73070.1, SRDH2_73070.2
OG0007041	STRK1_30260.1	SRDH2_30110.1
OG0007042	STRK1_25130.1	SRDH2_27990.1
OG0007043	STRK1_83360.1	SRDH2_88990.1
OG0007044	STRK1_7750.1	SRDH2_13960.1
OG0007046	STRK1_93850.1	SRDH2_85560.1
OG0007047	STRK1_55910.1	SRDH2_59160.1
OG0007048	STRK1_65350.1	SRDH2_63540.1
OG0007049	STRK1_28680.1	SRDH2_38910.1
OG0007050	STRK1_9900.1	SRDH2_10940.1
OG0007051	STRK1_4930.1	SRDH2_12410.1
OG0007052	STRK1_6120.1	SRDH2_6600.1, SRDH2_6600.2
OG0007053	STRK1_30900.1, STRK1_30900.2	SRDH2_33670.1
OG0007054	STRK1_85030.1	SRDH2_90000.1
OG0007055	STRK1_68790.1	SRDH2_74820.1
OG0007056	STRK1_22000.1	SRDH2_23890.1, SRDH2_23890.2
OG0007057	STRK1_59000.1	SRDH2_66420.1
OG0007058	STRK1_1550.1	SRDH2_2110.1
OG0007059	STRK1_102270.1	SRDH2_46100.1
OG0007060	STRK1_35230.1	SRDH2_35880.1
OG0007062	STRK1_21930.1	SRDH2_23840.1
OG0007063	STRK1_91310.1	SRDH2_310.3, SRDH2_310.2, SRDH2_310.1
OG0007064	STRK1_83380.1	SRDH2_88970.1
OG0007065	STRK1_109890.1, STRK1_109880.1	SRDH2_102190.1, SRDH2_4950.1
OG0007066	STRK1_38290.1, STRK1_38290.2, STRK1_38290.3	SRDH2_40100.1
OG0007067	STRK1_91710.1	SRDH2_85750.1
OG0007069	STRK1_30600.1	SRDH2_33380.1
OG0007070	STRK1_46920.1	SRDH2_53480.1
OG0007071	STRK1_46030.1, STRK1_46030.2	SRDH2_54980.1
OG0007072	STRK1_36340.1	SRDH2_33050.1
OG0007073	STRK1_68440.1	SRDH2_71810.1
OG0007074	STRK1_73510.1	SRDH2_77570.1
OG0007075	STRK1_3920.1	SRDH2_19240.1
OG0007076	STRK1_31720.1	SRDH2_36520.1
OG0007077	STRK1_62410.1	SRDH2_65760.1
OG0007078	STRK1_52470.1	SRDH2_52120.2
OG0007079	STRK1_21460.1	SRDH2_23460.1
OG0007080	STRK1_2640.1	SRDH2_18650.1
OG0007081	STRK1_46670.1	SRDH2_53680.1
OG0007082	STRK1_84370.1	SRDH2_89730.1
OG0007083	STRK1_73180.3, STRK1_73180.2, STRK1_73180.1	SRDH2_80420.1
OG0007085	STRK1_28570.1	SRDH2_39020.1
OG0007086	STRK1_82480.1	SRDH2_87870.1
OG0007087	STRK1_62930.1	SRDH2_69760.1
OG0007088	STRK1_93360.1	SRDH2_98470.1
OG0007089	STRK1_65370.1	SRDH2_63520.2, SRDH2_63520.3, SRDH2_63520.1
OG0007090	STRK1_14090.1	SRDH2_17510.1, SRDH2_17510.2, SRDH2_17510.3
OG0007091	STRK1_69280.1	SRDH2_74350.1
OG0007092	STRK1_14960.1	SRDH2_16580.1
OG0007094	STRK1_44280.1, STRK1_96460.1	SRDH2_47100.1
OG0007095	STRK1_20460.1, STRK1_20460.2	SRDH2_22370.1, SRDH2_22370.2
OG0007096	STRK1_85770.1	SRDH2_93390.1
OG0007097	STRK1_48790.2, STRK1_48790.1	SRDH2_55750.1
OG0007098	STRK1_72810.1, STRK1_72810.2, STRK1_72810.3	SRDH2_78440.1
OG0007099	STRK1_81620.1	SRDH2_86940.1
OG0007100	STRK1_59410.1	SRDH2_64180.1, SRDH2_64180.2
OG0007101	STRK1_35960.1	SRDH2_32590.1
OG0007102	STRK1_30380.1	SRDH2_29930.1
OG0007103	STRK1_59420.1	SRDH2_64170.1
OG0007104	STRK1_64580.1	SRDH2_69370.1
OG0007106	STRK1_63220.1	SRDH2_74300.1
OG0007107	STRK1_66930.1, STRK1_66940.1	SRDH2_71120.1
OG0007112	STRK1_81960.1	SRDH2_87480.1
OG0007113	STRK1_92920.1	SRDH2_99140.1
OG0007114	STRK1_84700.1	SRDH2_90680.1
OG0007115	STRK1_53230.1	SRDH2_58110.1, SRDH2_58110.2
OG0007116	STRK1_58230.1, STRK1_58230.2	SRDH2_61750.1
OG0007117	STRK1_20370.1	SRDH2_22600.1, SRDH2_22600.2
OG0007118	STRK1_90370.1	SRDH2_97480.1, SRDH2_97480.2
OG0007120	STRK1_80730.1	SRDH2_85190.1
OG0007121	STRK1_66730.1	SRDH2_90260.1
OG0007122	STRK1_51670.1	SRDH2_54720.1
OG0007123	STRK1_69250.1	SRDH2_74380.6, SRDH2_74380.7, SRDH2_74380.1, SRDH2_74380.3, SRDH2_74380.4, SRDH2_74380.2, SRDH2_74380.5
OG0007124	STRK1_70230.1	SRDH2_73230.1, SRDH2_73230.2
OG0007125	STRK1_77390.1, STRK1_77390.2	SRDH2_81060.1
OG0007126	STRK1_68270.1	SRDH2_71710.1
OG0007128	STRK1_34030.1	SRDH2_34690.1, SRDH2_34690.4, SRDH2_34690.2, SRDH2_34690.3, SRDH2_34690.5
OG0007130	STRK1_24810.1	SRDH2_24520.1, SRDH2_24530.1
OG0007131	STRK1_23380.1	SRDH2_25280.1
OG0007133	STRK1_10540.1, STRK1_10540.2	SRDH2_11560.1
OG0007134	STRK1_19060.1	SRDH2_21150.1
OG0007135	STRK1_102760.1, STRK1_19240.1	SRDH2_21330.1
OG0007138	STRK1_84170.1	SRDH2_89330.1
OG0007138	STRK1_84160.1	SRDH2_89310.1
OG0007139	STRK1_85970.1, STRK1_85980.1, STRK1_86650.1	SRDH2_93280.1, SRDH2_93270.1, SRDH2_93260.1
OG0007149	STRK1_54060.1	SRDH2_57760.1
OG0007150	STRK1_13230.1	SRDH2_14350.1
OG0007151	STRK1_69730.1	SRDH2_73780.1, SRDH2_73780.2
OG0007153	STRK1_13310.1	SRDH2_19410.2, SRDH2_19410.1
OG0007154	STRK1_33360.1	SRDH2_37360.1
OG0007155	STRK1_56700.1, STRK1_95430.1	SRDH2_58730.1
OG0007156	STRK1_35400.1	SRDH2_38400.1
OG0007157	STRK1_75110.1	SRDH2_75630.1
OG0007158	STRK1_86180.1	SRDH2_92410.1
OG0007159	STRK1_54870.1	SRDH2_91260.1
OG0007160	STRK1_34300.1	SRDH2_34980.1
OG0007162	STRK1_2540.1	SRDH2_18760.1, SRDH2_18760.2
OG0007163	STRK1_21950.1	SRDH2_23810.1, SRDH2_23810.2
OG0007164	STRK1_74180.1	SRDH2_76760.1
OG0007165	STRK1_33470.1	SRDH2_37260.1, SRDH2_37260.2
OG0007166	STRK1_97740.1	SRDH2_95540.1
OG0007167	STRK1_28460.1	SRDH2_39140.1
OG0007168	STRK1_57100.1	SRDH2_60850.1
OG0007169	STRK1_71530.1	SRDH2_75210.1
OG0007171	STRK1_48160.1, STRK1_48170.1	SRDH2_55400.1
OG0007172	STRK1_27320.1	SRDH2_29040.1
OG0007173	STRK1_12170.1, STRK1_12160.1	SRDH2_9080.1
OG0007174	STRK1_46720.1	SRDH2_53730.1
OG0007175	STRK1_28230.1	SRDH2_34430.1
OG0007176	STRK1_82000.1	SRDH2_88190.1
OG0007177	STRK1_41010.1	SRDH2_43210.1
OG0007178	STRK1_60040.1	SRDH2_62370.1
OG0007179	STRK1_24550.1	SRDH2_24330.1
OG0007180	STRK1_680.1	SRDH2_1200.1
OG0007181	STRK1_88640.1, STRK1_97190.1	SRDH2_92710.1
OG0007182	STRK1_4800.1	SRDH2_15460.1, SRDH2_15460.2
OG0007184	STRK1_85800.1	SRDH2_93360.1
OG0007185	STRK1_92140.1	SRDH2_97100.1
OG0007186	STRK1_74190.1	SRDH2_76750.1
OG0007187	STRK1_78020.1	SRDH2_82330.1
OG0007188	STRK1_66360.1	SRDH2_70010.1
OG0007189	STRK1_58740.1	SRDH2_67650.1
OG0007191	STRK1_80300.1, STRK1_80300.2	SRDH2_84710.1
OG0007192	STRK1_65220.1	SRDH2_68710.1, SRDH2_68710.2
OG0007193	STRK1_48000.1	SRDH2_55270.1
OG0007195	STRK1_84000.1	SRDH2_89420.1
OG0007196	STRK1_4920.1	SRDH2_12400.1
OG0007197	STRK1_86840.1	SRDH2_92800.1
OG0007198	STRK1_29930.1	SRDH2_30500.1
OG0007199	STRK1_24530.1	SRDH2_24340.1
OG0007200	STRK1_12370.1	SRDH2_8870.1
OG0007201	STRK1_88550.1	SRDH2_93230.1
OG0007202	STRK1_71650.1	SRDH2_75080.1
OG0007203	STRK1_16760.3	SRDH2_3310.1
OG0007205	STRK1_89330.1, STRK1_89340.1	SRDH2_95040.1
OG0007206	STRK1_68650.1	SRDH2_74960.1
OG0007207	STRK1_50220.1	SRDH2_49760.1
OG0007208	STRK1_73090.1, STRK1_76210.1	SRDH2_80480.1
OG0007210	STRK1_99820.1, STRK1_99820.2	SRDH2_93560.1
OG0007211	STRK1_21490.1	SRDH2_23490.1
OG0007212	STRK1_64910.1	SRDH2_69070.1
OG0007213	STRK1_64920.1	SRDH2_69060.1
OG0007214	STRK1_108600.1, STRK1_77400.1	SRDH2_81070.1
OG0007215	STRK1_7480.1	SRDH2_14130.1
OG0007217	STRK1_40630.1	SRDH2_43600.1
OG0007219	STRK1_9380.1, STRK1_9380.2	SRDH2_10330.1
OG0007220	STRK1_36220.1	SRDH2_33150.1
OG0007221	STRK1_36360.1	SRDH2_33000.1
OG0007222	STRK1_12480.1	SRDH2_8720.1
OG0007223	STRK1_99290.1, STRK1_59850.1, STRK1_59860.1	SRDH2_62190.1
OG0007225	STRK1_63080.1	SRDH2_69610.1
OG0007226	STRK1_39910.1, STRK1_39920.1	SRDH2_44250.1, SRDH2_44250.2
OG0007227	STRK1_88950.1, STRK1_89000.1	SRDH2_94570.1
OG0007228	STRK1_76600.1	SRDH2_81970.1
OG0007229	STRK1_72030.1, STRK1_72030.2	SRDH2_77060.1
OG0007230	STRK1_9560.1, STRK1_9560.2	SRDH2_10540.1
OG0007231	STRK1_103000.1, STRK1_22130.1	SRDH2_24020.1
OG0007232	STRK1_5650.1	SRDH2_13840.1
OG0007233	STRK1_107440.1, STRK1_92910.1	SRDH2_99130.1
OG0007234	STRK1_58320.1	SRDH2_61810.1
OG0007235	STRK1_18710.1	SRDH2_20880.1
OG0007237	STRK1_76180.1	SRDH2_78120.1
OG0007238	STRK1_25620.1	SRDH2_27550.1, SRDH2_27550.2
OG0007239	STRK1_75000.1	SRDH2_79850.1
OG0007240	STRK1_67690.1	SRDH2_71490.1
OG0007241	STRK1_41550.1	SRDH2_42300.1
OG0007243	STRK1_28730.1	SRDH2_38820.1
OG0007245	STRK1_47210.1	SRDH2_53160.1
OG0007246	STRK1_50740.1	SRDH2_49300.1
OG0007247	STRK1_46310.1	SRDH2_54090.1
OG0007248	STRK1_22580.1	SRDH2_25980.1
OG0007249	STRK1_78780.1	SRDH2_83160.1, SRDH2_83160.2, SRDH2_83160.3
OG0007251	STRK1_28210.1	SRDH2_34450.1
OG0007252	STRK1_13290.1	SRDH2_14420.1
OG0007253	STRK1_47500.1	SRDH2_52890.1, SRDH2_52890.2
OG0007254	STRK1_74500.1	SRDH2_79290.1, SRDH2_79290.2, SRDH2_79290.3
OG0007255	STRK1_69530.1, STRK1_69540.1	SRDH2_73950.1
OG0007256	STRK1_63680.1	SRDH2_65320.1
OG0007257	STRK1_48270.1	SRDH2_55470.1
OG0007258	STRK1_92230.1	SRDH2_96340.1, SRDH2_96340.2
OG0007259	STRK1_97700.1	SRDH2_13760.3, SRDH2_13760.2
OG0007260	STRK1_74810.1	SRDH2_79610.1
OG0007261	STRK1_39290.1	SRDH2_41430.1
OG0007262	STRK1_93760.1	SRDH2_85680.1
OG0007263	STRK1_12310.1	SRDH2_8930.1
OG0007264	STRK1_13200.1	SRDH2_14240.1
OG0007265	STRK1_107660.1	SRDH2_26530.1, SRDH2_26530.2
OG0007266	STRK1_65520.1	SRDH2_63380.1
OG0007267	STRK1_85410.1	SRDH2_91980.1
OG0007268	STRK1_40210.1	SRDH2_43970.1
OG0007269	STRK1_18790.1	SRDH2_20930.1
OG0007271	STRK1_12630.1	SRDH2_8560.1
OG0007272	STRK1_15730.1	SRDH2_4590.1
OG0007273	STRK1_6530.1	SRDH2_4880.1
OG0007275	STRK1_29840.1	SRDH2_30570.1
OG0007276	STRK1_29550.1	SRDH2_30820.1
OG0007277	STRK1_45490.1	SRDH2_48300.1
OG0007278	STRK1_41150.1, STRK1_41150.2	SRDH2_43160.1
OG0007279	STRK1_82830.1	SRDH2_88330.1
OG0007280	STRK1_73270.1, STRK1_73270.2	SRDH2_80330.1
OG0007281	STRK1_70940.1	SRDH2_78840.1
OG0007282	STRK1_62380.1	SRDH2_65730.1, SRDH2_65730.2
OG0007283	STRK1_50270.1	SRDH2_49720.1
OG0007285	STRK1_39070.1, STRK1_39070.2	SRDH2_41180.1
OG0007286	STRK1_53740.1	SRDH2_57350.1
OG0007287	STRK1_61630.1	SRDH2_61920.1
OG0007288	STRK1_77420.1	SRDH2_81020.1
OG0007289	STRK1_59090.1	SRDH2_66510.1
OG0007290	STRK1_30580.1	SRDH2_33360.1
OG0007291	STRK1_51870.1	SRDH2_52620.1
OG0007292	STRK1_50430.1	SRDH2_49480.1
OG0007293	STRK1_44050.1, STRK1_8230.1	SRDH2_47000.1
OG0007294	STRK1_68380.1	SRDH2_71860.1, SRDH2_71860.2
OG0007295	STRK1_290.1	SRDH2_810.1
OG0007297	STRK1_104520.1, STRK1_105970.1	SRDH2_90070.1
OG0007298	STRK1_39530.1, STRK1_39530.2	SRDH2_41710.1
OG0007299	STRK1_77630.1	SRDH2_80820.1, SRDH2_80820.2
OG0007300	STRK1_22890.1	SRDH2_25630.1
OG0007301	STRK1_28710.1	SRDH2_38840.1, SRDH2_38840.2
OG0007302	STRK1_80970.1	SRDH2_86150.1
OG0007303	STRK1_93740.1	SRDH2_85700.1
OG0007306	STRK1_68930.1	SRDH2_74670.1
OG0007307	STRK1_49360.1, STRK1_49370.1	SRDH2_50640.1
OG0007308	STRK1_77990.1	SRDH2_82200.1, SRDH2_82200.2
OG0007309	STRK1_57510.1	SRDH2_61100.1, SRDH2_61100.2
OG0007310	STRK1_52800.1, STRK1_52800.2	SRDH2_52460.1, SRDH2_52460.2
OG0007311	STRK1_1030.1	SRDH2_1660.1
OG0007312	STRK1_12010.1	SRDH2_9300.1, SRDH2_9300.2
OG0007313	STRK1_73170.1	SRDH2_80430.1
OG0007314	STRK1_44800.1	SRDH2_47510.1
OG0007315	STRK1_82760.1	SRDH2_88390.1
OG0007317	STRK1_34840.1	SRDH2_35540.1
OG0007318	STRK1_16910.1, STRK1_16910.2	SRDH2_3420.1
OG0007319	STRK1_45400.1	SRDH2_48100.1
OG0007320	STRK1_38300.1	SRDH2_40110.1
OG0007321	STRK1_7400.1	SRDH2_7800.1, SRDH2_7800.2
OG0007322	STRK1_58440.1, STRK1_58440.2	SRDH2_68130.1
OG0007323	STRK1_71770.1, STRK1_71770.2	SRDH2_72590.1
OG0007324	STRK1_83400.1	SRDH2_88950.1
OG0007325	STRK1_4850.1, STRK1_4860.1	SRDH2_15390.1
OG0007326	STRK1_70650.1	SRDH2_72820.1
OG0007327	STRK1_9500.1	SRDH2_10460.1
OG0007328	STRK1_27170.1, STRK1_27170.2, STRK1_27170.3	SRDH2_28910.1
OG0007329	STRK1_3730.1	SRDH2_19440.1
OG0007330	STRK1_57260.1	SRDH2_60640.1, SRDH2_60630.1
OG0007331	STRK1_54310.1	SRDH2_57920.1
OG0007332	STRK1_36410.1	SRDH2_32930.1
OG0007334	STRK1_88980.1	SRDH2_94550.1
OG0007335	STRK1_9140.1	SRDH2_10030.1
OG0007336	STRK1_28900.1	SRDH2_38630.1
OG0007337	STRK1_64040.1	SRDH2_65170.1
OG0007338	STRK1_64960.1	SRDH2_69020.1
OG0007339	STRK1_52720.1	SRDH2_52390.1
OG0007340	STRK1_17920.1	SRDH2_20130.1
OG0007341	STRK1_7340.1	SRDH2_7730.1
OG0007343	STRK1_52180.1	SRDH2_51850.1, SRDH2_51870.1
OG0007344	STRK1_5400.1	SRDH2_13630.1
OG0007346	STRK1_93700.1	SRDH2_96120.1
OG0007347	STRK1_4230.1, STRK1_4230.2	SRDH2_18450.1
OG0007348	STRK1_91280.1	SRDH2_340.1
OG0007349	STRK1_730.1, STRK1_730.2	SRDH2_1310.1
OG0007350	STRK1_50650.1	SRDH2_49340.1
OG0007351	STRK1_5480.1	SRDH2_13680.1
OG0007352	STRK1_111470.1	SRDH2_56880.1
OG0007355	STRK1_6340.1	SRDH2_6960.1
OG0007356	STRK1_13890.1	SRDH2_17710.1
OG0007357	STRK1_17380.1	SRDH2_2860.1, SRDH2_2880.1
OG0007358	STRK1_13120.1	SRDH2_8040.1
OG0007359	STRK1_83590.1, STRK1_83600.1	SRDH2_89040.1
OG0007360	STRK1_52070.1	SRDH2_51730.1
OG0007361	STRK1_44370.1, STRK1_44400.1	SRDH2_48060.1
OG0007362	STRK1_45350.1	SRDH2_48150.1
OG0007364	STRK1_27910.1	SRDH2_37760.1
OG0007366	STRK1_64430.1	SRDH2_64570.1
OG0007367	STRK1_60460.1	SRDH2_62770.1
OG0007369	STRK1_92170.1	SRDH2_97120.1
OG0007370	STRK1_70600.1	SRDH2_72870.1
OG0007371	STRK1_94910.1, STRK1_94910.2	SRDH2_96560.1
OG0007372	STRK1_16460.1	SRDH2_3840.1
OG0007373	STRK1_81200.1	SRDH2_86520.1
OG0007374	STRK1_86080.1	SRDH2_92330.1
OG0007375	STRK1_78970.1	SRDH2_82970.1
OG0007377	STRK1_84990.1	SRDH2_89950.1
OG0007378	STRK1_88960.1, STRK1_88960.2	SRDH2_94590.1
OG0007379	STRK1_88460.1, STRK1_88460.2	SRDH2_92160.1
OG0007380	STRK1_49030.1	SRDH2_51100.1
OG0007381	STRK1_101680.1, STRK1_54510.1	SRDH2_51600.1
OG0007382	STRK1_69920.1, STRK1_109290.1	SRDH2_73580.1
OG0007383	STRK1_76130.1	SRDH2_78030.1, SRDH2_78040.1, SRDH2_78050.1, SRDH2_78060.1, SRDH2_78060.2, SRDH2_82730.1
OG0007384	STRK1_22850.1, STRK1_22850.2	SRDH2_25680.1, SRDH2_25680.2
OG0007385	STRK1_31970.1	SRDH2_36790.1, SRDH2_36790.2
OG0007386	STRK1_24460.1, STRK1_24440.1	SRDH2_28540.1
OG0007387	STRK1_39600.1	SRDH2_41780.1
OG0007388	STRK1_37270.1	SRDH2_42540.1
OG0007389	STRK1_11230.1	SRDH2_13250.1
OG0007392	STRK1_2860.1, STRK1_2860.2	SRDH2_16080.1, SRDH2_16080.3, SRDH2_16080.2
OG0007393	STRK1_16450.1	SRDH2_3850.1
OG0007394	STRK1_16150.1	SRDH2_4170.1
OG0007395	STRK1_10810.1, STRK1_10810.2	SRDH2_12040.1, SRDH2_12050.1
OG0007396	STRK1_5980.1	SRDH2_6400.1
OG0007398	STRK1_92190.1, STRK1_94290.1	SRDH2_96320.2, SRDH2_96320.1
OG0007414	STRK1_11610.1	SRDH2_12960.1
OG0007415	STRK1_42880.1	SRDH2_44580.2, SRDH2_44580.1
OG0007416	STRK1_54680.1	SRDH2_56160.1
OG0007417	STRK1_9840.1	SRDH2_10830.1, SRDH2_10870.1
OG0007418	STRK1_73950.1	SRDH2_79120.1
OG0007419	STRK1_3210.1	SRDH2_5660.1
OG0007420	STRK1_3820.1	SRDH2_19520.1
OG0007421	STRK1_91990.1	SRDH2_96910.1
OG0007422	STRK1_4120.1	SRDH2_18310.1
OG0007424	STRK1_37480.1	SRDH2_42740.1
OG0007425	STRK1_44090.1	SRDH2_47270.1
OG0007426	STRK1_85660.1, STRK1_85660.2	SRDH2_93490.1
OG0007428	STRK1_1760.1	SRDH2_19920.1
OG0007429	STRK1_20010.1	SRDH2_23250.1
OG0007430	STRK1_45370.1	SRDH2_48130.1
OG0007432	STRK1_50950.1	SRDH2_49100.1
OG0007433	STRK1_58730.1	SRDH2_67660.1
OG0007434	STRK1_58750.1	SRDH2_67640.1
OG0007435	STRK1_62240.1	SRDH2_67470.1
OG0007436	STRK1_39560.1	SRDH2_41750.1
OG0007437	STRK1_100530.1	SRDH2_55220.1
OG0007438	STRK1_109660.1	SRDH2_9950.1
OG0007439	STRK1_13530.1	SRDH2_18020.1
OG0007440	STRK1_78350.1	SRDH2_83410.1
OG0007441	STRK1_60020.1	SRDH2_62350.1
OG0007442	STRK1_29370.1	SRDH2_31010.1
OG0007443	STRK1_9970.1, STRK1_9980.1	SRDH2_11130.1
OG0007444	STRK1_56950.1, STRK1_56960.1	SRDH2_60990.1
OG0007445	STRK1_111260.1, STRK1_36070.1	SRDH2_32720.1
OG0007446	STRK1_8110.1	SRDH2_14750.1
OG0007447	STRK1_35050.1	SRDH2_35780.1
OG0007448	STRK1_31100.1	SRDH2_33870.1
OG0007450	STRK1_64640.1, STRK1_64670.1	SRDH2_69320.1
OG0007451	STRK1_430.1	SRDH2_920.1
OG0007452	STRK1_35320.1	SRDH2_35980.1
OG0007453	STRK1_74590.1	SRDH2_79380.1
OG0007454	STRK1_33840.1	SRDH2_34510.1
OG0007455	STRK1_64980.1	SRDH2_69000.1
OG0007456	STRK1_12840.1	SRDH2_8290.1
OG0007457	STRK1_30320.1, STRK1_30320.2	SRDH2_29990.1
OG0007458	STRK1_36240.1	SRDH2_33140.1
OG0007459	STRK1_5560.1, STRK1_5570.1	SRDH2_13780.1
OG0007460	STRK1_47580.1	SRDH2_52800.1
OG0007461	STRK1_74750.1	SRDH2_79540.1
OG0007462	STRK1_23680.1	SRDH2_28340.1
OG0007463	STRK1_75300.1	SRDH2_75810.1
OG0007464	STRK1_37280.1	SRDH2_42550.1
OG0007465	STRK1_90220.1, STRK1_90230.1	SRDH2_97630.1
OG0007466	STRK1_29430.1	SRDH2_30940.1
OG0007467	STRK1_53840.1	SRDH2_57240.1
OG0007468	STRK1_72510.1	SRDH2_80100.1
OG0007469	STRK1_100900.1, STRK1_70200.1	SRDH2_73260.1
OG0007470	STRK1_106130.1	SRDH2_79450.1
OG0007471	STRK1_54630.1	SRDH2_51460.1
OG0007472	STRK1_28640.1	SRDH2_38950.1
OG0007473	STRK1_104680.1, STRK1_24650.1	SRDH2_28580.1
OG0007474	STRK1_21550.1	SRDH2_23530.1
OG0007475	STRK1_35080.1	SRDH2_35800.1
OG0007476	STRK1_69020.1	SRDH2_74600.1
OG0007478	STRK1_36470.1	SRDH2_32860.1
OG0007479	STRK1_14820.1	SRDH2_16700.1
OG0007480	STRK1_87480.1	SRDH2_93670.1
OG0007481	STRK1_61250.1	SRDH2_63660.1, SRDH2_63660.2
OG0007482	STRK1_44350.1, STRK1_96030.1	SRDH2_47030.1
OG0007483	STRK1_42570.1	SRDH2_44610.1
OG0007484	STRK1_67400.1	SRDH2_70830.1
OG0007485	STRK1_100040.1, STRK1_102500.1	SRDH2_58910.1
OG0007486	STRK1_67620.1	SRDH2_71550.1
OG0007488	STRK1_50750.1	SRDH2_49290.1
OG0007489	STRK1_111490.1	SRDH2_56900.1
OG0007490	STRK1_84890.1	SRDH2_90250.1
OG0007491	STRK1_46140.1	SRDH2_54300.1
OG0007492	STRK1_81440.1, STRK1_81470.1	SRDH2_86680.1
OG0007493	STRK1_27250.1	SRDH2_28970.1
OG0007494	STRK1_5440.1	SRDH2_20030.1
OG0007495	STRK1_73580.1	SRDH2_77640.1
OG0007496	STRK1_107050.1	SRDH2_66900.1
OG0007497	STRK1_53910.1	SRDH2_57160.1
OG0007499	STRK1_46240.1	SRDH2_54170.2, SRDH2_54170.1
OG0007500	STRK1_35570.1	SRDH2_32220.1
OG0007501	STRK1_44620.1	SRDH2_47400.1
OG0007502	STRK1_20100.1	SRDH2_23140.1
OG0007503	STRK1_49960.1	SRDH2_50040.1
OG0007505	STRK1_44960.1	SRDH2_47680.1
OG0007506	STRK1_92870.1	SRDH2_99100.1
OG0007507	STRK1_57440.1	SRDH2_60490.1
OG0007508	STRK1_77210.1	SRDH2_81210.1
OG0007509	STRK1_200.1	SRDH2_720.1
OG0007510	STRK1_64300.1	SRDH2_64750.1
OG0007511	STRK1_95930.1	SRDH2_46080.1
OG0007513	STRK1_29820.1	SRDH2_30590.1
OG0007514	STRK1_96890.1	SRDH2_80960.1
OG0007515	STRK1_101440.1, STRK1_83580.1	SRDH2_89030.1
OG0007516	STRK1_43290.1	SRDH2_45820.1
OG0007517	STRK1_25640.1	SRDH2_27530.1
OG0007518	STRK1_42010.1	SRDH2_44480.1
OG0007520	STRK1_24470.1	SRDH2_28550.1
OG0007521	STRK1_25630.1	SRDH2_27540.1
OG0007523	STRK1_7930.1	SRDH2_14560.1
OG0007524	STRK1_74250.1	SRDH2_76690.1
OG0007525	STRK1_78080.1	SRDH2_82290.1
OG0007526	STRK1_22870.1	SRDH2_25660.1
OG0007527	STRK1_69750.1	SRDH2_73800.1
OG0007528	STRK1_36980.1	SRDH2_29250.1
OG0007529	STRK1_14550.1	SRDH2_17000.1
OG0007530	STRK1_33540.1	SRDH2_37460.1
OG0007531	STRK1_34140.1	SRDH2_34830.1
OG0007532	STRK1_57550.1	SRDH2_61130.1
OG0007533	STRK1_10520.1	SRDH2_11540.1, SRDH2_11540.2
OG0007534	STRK1_91260.1	SRDH2_360.1
OG0007535	STRK1_87040.2, STRK1_87040.3	SRDH2_94110.1
OG0007536	STRK1_2900.1	SRDH2_16120.1
OG0007537	STRK1_42760.1	SRDH2_44760.1, SRDH2_44760.2, SRDH2_44760.3
OG0007538	STRK1_13920.1	SRDH2_17670.1
OG0007539	STRK1_20900.1	SRDH2_22010.1
OG0007540	STRK1_86510.1	SRDH2_93170.1
OG0007541	STRK1_830.1	SRDH2_1390.1
OG0007543	STRK1_10580.1	SRDH2_11600.1
OG0007544	STRK1_81910.1, STRK1_81920.1	SRDH2_35510.1
OG0007545	STRK1_82470.1	SRDH2_87910.1
OG0007546	STRK1_50410.1	SRDH2_49500.1
OG0007547	STRK1_350.1	SRDH2_850.1
OG0007549	STRK1_33960.1, STRK1_33960.2	SRDH2_34650.1
OG0007550	STRK1_62880.1	SRDH2_69810.1, SRDH2_69810.2
OG0007551	STRK1_55920.1	SRDH2_59170.1, SRDH2_59170.2
OG0007552	STRK1_25120.1	SRDH2_28000.1
OG0007553	STRK1_20520.1	SRDH2_22310.1
OG0007554	STRK1_109820.1	SRDH2_29270.1
OG0007555	STRK1_34830.1	SRDH2_35530.1
OG0007558	STRK1_102770.1	SRDH2_35490.1
OG0007560	STRK1_38820.1	SRDH2_40920.1
OG0007561	STRK1_23390.1	SRDH2_25270.1
OG0007562	STRK1_77380.1	SRDH2_81100.1
OG0007563	STRK1_79490.1	SRDH2_84050.1
OG0007564	STRK1_72280.1	SRDH2_77320.1
OG0007565	STRK1_21860.1	SRDH2_23860.1
OG0007566	STRK1_65990.1	SRDH2_68270.1
OG0007568	STRK1_17570.1	SRDH2_2660.1
OG0007569	STRK1_11820.1	SRDH2_15300.1
OG0007570	STRK1_39590.1	SRDH2_41770.1
OG0007571	STRK1_87820.1	SRDH2_91140.1
OG0007572	STRK1_73720.1, STRK1_73720.2	SRDH2_76370.1
OG0007573	STRK1_57270.1	SRDH2_60620.1
OG0007574	STRK1_86190.1	SRDH2_92420.1
OG0007575	STRK1_108300.1	SRDH2_76450.1
OG0007576	STRK1_111130.1, STRK1_111120.1, STRK1_20150.1	SRDH2_23120.1
OG0007577	STRK1_77050.1	SRDH2_81500.1
OG0007578	STRK1_96450.1	SRDH2_90590.1
OG0007579	STRK1_9130.1	SRDH2_10020.1, SRDH2_10020.2
OG0007580	STRK1_42240.1	SRDH2_45660.1
OG0007581	STRK1_86550.1	SRDH2_93130.1
OG0007582	STRK1_2730.1	SRDH2_18530.1
OG0007584	STRK1_66400.1	SRDH2_70030.1
OG0007585	STRK1_23880.1, STRK1_23870.1	SRDH2_28120.1
OG0007586	STRK1_110920.1	SRDH2_56350.3, SRDH2_56350.1, SRDH2_56350.2
OG0007587	STRK1_25020.1	SRDH2_24730.1
OG0007588	STRK1_22800.1	SRDH2_25750.1
OG0007589	STRK1_44780.1, STRK1_44790.1	SRDH2_47500.1
OG0007590	STRK1_2930.1, STRK1_2930.2	SRDH2_16150.2, SRDH2_16150.1
OG0007593	STRK1_930.1	SRDH2_1570.1, SRDH2_1570.2
OG0007594	STRK1_95210.1	SRDH2_50450.1
OG0007595	STRK1_30800.1	SRDH2_33560.1
OG0007597	STRK1_84930.1, STRK1_84940.1	SRDH2_89690.1
OG0007598	STRK1_85670.1, STRK1_85670.2	SRDH2_93480.1
OG0007599	STRK1_84380.1	SRDH2_89720.1
OG0007600	STRK1_46120.1	SRDH2_54320.1
OG0007601	STRK1_78100.1	SRDH2_82270.1
OG0007602	STRK1_72370.1	SRDH2_80230.1
OG0007603	STRK1_38620.1	SRDH2_40620.2, SRDH2_40620.4, SRDH2_40620.1, SRDH2_40620.3
OG0007604	STRK1_33870.1	SRDH2_34540.1
OG0007605	STRK1_35500.1	SRDH2_32150.1
OG0007606	STRK1_63620.1	SRDH2_65480.1
OG0007607	STRK1_57370.1	SRDH2_60550.1
OG0007608	STRK1_77840.1, STRK1_67360.1, STRK1_67360.2	SRDH2_70770.1
OG0007609	STRK1_91650.1	SRDH2_96080.1
OG0007610	STRK1_70120.1	SRDH2_73360.1
OG0007611	STRK1_43600.1	SRDH2_46110.1
OG0007614	STRK1_45410.1	SRDH2_48080.1
OG0007615	STRK1_39540.1	SRDH2_41730.1
OG0007616	STRK1_13030.1	SRDH2_8110.1, SRDH2_8110.2
OG0007617	STRK1_51540.1	SRDH2_54580.1
OG0007618	STRK1_49480.1	SRDH2_50530.1
OG0007619	STRK1_93220.1, STRK1_93220.2	SRDH2_98670.1
OG0007620	STRK1_94650.1, STRK1_94650.2	SRDH2_97300.1
OG0007621	STRK1_80070.1	SRDH2_84470.1
OG0007622	STRK1_88740.1	SRDH2_94320.1, SRDH2_94320.2
OG0007623	STRK1_89050.1	SRDH2_94430.1, SRDH2_94720.1, SRDH2_94470.1
OG0007625	STRK1_47420.1	SRDH2_52970.1
OG0007626	STRK1_55010.1	SRDH2_56570.1
OG0007627	STRK1_48410.1	SRDH2_56010.1
OG0007628	STRK1_54130.1, STRK1_54130.2	SRDH2_57700.1
OG0007629	STRK1_62950.1	SRDH2_69740.1, SRDH2_69740.2
OG0007630	STRK1_58850.1	SRDH2_65630.1
OG0007631	STRK1_59460.1	SRDH2_64130.1, SRDH2_64130.2
OG0007632	STRK1_60420.1	SRDH2_62730.1, SRDH2_62730.2
OG0007634	STRK1_41110.1	SRDH2_43000.5
OG0007635	STRK1_28820.1, STRK1_28820.2	SRDH2_38700.1, SRDH2_38700.2, SRDH2_38700.3
OG0007636	STRK1_28920.1, STRK1_28920.2	SRDH2_38610.1
OG0007637	STRK1_28340.1	SRDH2_34330.1
OG0007638	STRK1_5870.1	SRDH2_6450.1
OG0007639	STRK1_7690.1	SRDH2_14040.1
OG0007640	STRK1_13950.1	SRDH2_17640.1
OG0007641	STRK1_2500.1	SRDH2_18800.1
OG0007642	STRK1_12990.1	SRDH2_8160.1, SRDH2_8160.3, SRDH2_8160.4, SRDH2_8160.2, SRDH2_8160.5
OG0007643	STRK1_48690.1	SRDH2_55840.1
OG0007644	STRK1_108770.1, STRK1_108780.1, STRK1_59030.1, STRK1_96420.1	SRDH2_66440.1
OG0007646	STRK1_91020.1	SRDH2_97880.1
OG0007647	STRK1_77450.1	SRDH2_80980.1, SRDH2_80970.1
OG0007649	STRK1_84360.1, STRK1_84340.1, STRK1_84350.1	SRDH2_78270.1, SRDH2_56480.1, SRDH2_78280.1
OG0007667	STRK1_86240.1	SRDH2_92450.1
OG0007670	STRK1_15400.1	SRDH2_5330.1
OG0007671	STRK1_15900.1	SRDH2_4440.1
OG0007672	STRK1_14580.1	SRDH2_16960.1
OG0007673	STRK1_85820.1	SRDH2_93340.2, SRDH2_93340.1
OG0007674	STRK1_94150.1	SRDH2_85950.1
OG0007675	STRK1_27180.1	SRDH2_28920.1
OG0007677	STRK1_30270.1	SRDH2_30080.1
OG0007680	STRK1_49280.1	SRDH2_50730.1
OG0007681	STRK1_90830.1	SRDH2_98120.1
OG0007682	STRK1_89350.1	SRDH2_95070.1
OG0007684	STRK1_75510.1	SRDH2_76020.1
OG0007685	STRK1_91200.1	SRDH2_100090.1, SRDH2_420.1
OG0007686	STRK1_50990.1	SRDH2_49050.1
OG0007688	STRK1_5500.1	SRDH2_13700.1
OG0007689	STRK1_9110.1	SRDH2_9990.1
OG0007691	STRK1_56310.1	SRDH2_60430.1
OG0007692	STRK1_10870.1	SRDH2_11970.1
OG0007694	STRK1_60690.1	SRDH2_63040.1
OG0007696	STRK1_56390.1	SRDH2_60340.1
OG0007697	STRK1_38770.1	SRDH2_40860.1
OG0007698	STRK1_54190.1	SRDH2_57620.1
OG0007699	STRK1_66900.1	SRDH2_71150.1
OG0007700	STRK1_19250.1	SRDH2_21320.1
OG0007701	STRK1_51700.1	SRDH2_54750.1
OG0007703	STRK1_33690.1	SRDH2_37620.1
OG0007705	STRK1_55560.1	SRDH2_59940.1
OG0007708	STRK1_4470.1	SRDH2_15820.1
OG0007709	STRK1_65110.1	SRDH2_68840.1
OG0007711	STRK1_72190.1	SRDH2_77230.1
OG0007714	STRK1_38370.1	SRDH2_40200.1
OG0007715	STRK1_35030.1	SRDH2_35760.1
OG0007716	STRK1_72350.1	SRDH2_80280.1
OG0007717	STRK1_93910.1	SRDH2_85490.1
OG0007718	STRK1_66870.1, STRK1_66880.1	SRDH2_71160.1
OG0007719	STRK1_70560.1	SRDH2_72920.1
OG0007720	STRK1_31480.1	SRDH2_36270.1
OG0007721	STRK1_49920.1	SRDH2_50000.1
OG0007722	STRK1_86310.1	SRDH2_92520.1
OG0007723	STRK1_12330.1	SRDH2_8890.1
OG0007724	STRK1_12880.1	SRDH2_8240.1
OG0007726	STRK1_7420.1	SRDH2_7820.1
OG0007727	STRK1_72210.1	SRDH2_77250.1
OG0007728	STRK1_36090.1	SRDH2_32750.1
OG0007729	STRK1_49530.1	SRDH2_50460.1
OG0007730	STRK1_6280.1	SRDH2_6900.1
OG0007731	STRK1_31980.1	SRDH2_36800.1
OG0007732	STRK1_40800.1	SRDH2_43440.1
OG0007733	STRK1_86900.1	SRDH2_94250.1
OG0007734	STRK1_25950.1	SRDH2_27220.1
OG0007735	STRK1_82810.1	SRDH2_88340.1
OG0007736	STRK1_26840.1	SRDH2_26330.1
OG0007737	STRK1_88800.1	SRDH2_94380.1
OG0007738	STRK1_2490.1	SRDH2_18810.1
OG0007739	STRK1_11280.1	SRDH2_13190.1
OG0007740	STRK1_3340.1	SRDH2_5760.1
OG0007743	STRK1_64100.1	SRDH2_64960.1
OG0007745	STRK1_48350.1	SRDH2_55960.1, SRDH2_55960.2
OG0007746	STRK1_22060.1	SRDH2_23940.2
OG0007747	STRK1_83780.1	SRDH2_88580.1
OG0007748	STRK1_44770.1	SRDH2_47490.1
OG0007749	STRK1_68170.1	SRDH2_72230.1
OG0007750	STRK1_14290.1	SRDH2_17350.1
OG0007751	STRK1_78040.1	SRDH2_82320.1
OG0007752	STRK1_24850.1	SRDH2_24580.1
OG0007753	STRK1_7320.1	SRDH2_7710.1
OG0007754	STRK1_42220.1	SRDH2_45680.1
OG0007755	STRK1_103280.1, STRK1_48290.1	SRDH2_55440.1
OG0007756	STRK1_59060.1	SRDH2_66480.1
OG0007757	STRK1_52590.1	SRDH2_52250.1
OG0007759	STRK1_10410.1, STRK1_10410.2	SRDH2_11480.1
OG0007760	STRK1_71830.1	SRDH2_72650.1
OG0007762	STRK1_44460.1, STRK1_44460.2	SRDH2_47140.1
OG0007763	STRK1_40260.1	SRDH2_43920.1
OG0007764	STRK1_4440.1	SRDH2_15850.1
OG0007765	STRK1_97180.1	SRDH2_43200.1
OG0007768	STRK1_15630.1	SRDH2_4660.1
OG0007769	STRK1_92400.1	SRDH2_99670.1, SRDH2_99670.2
OG0007770	STRK1_32710.1, STRK1_32710.2	SRDH2_38520.1
OG0007771	STRK1_45540.1	SRDH2_48330.1
OG0007774	STRK1_75040.1, STRK1_75040.2	SRDH2_79910.1
OG0007775	STRK1_77570.1	SRDH2_80890.1
OG0007776	STRK1_77230.1	SRDH2_81190.1
OG0007777	STRK1_73070.1	SRDH2_78140.1
OG0007778	STRK1_35910.1	SRDH2_32550.1
OG0007779	STRK1_35970.1	SRDH2_32610.1
OG0007780	STRK1_28650.1	SRDH2_38930.1
OG0007781	STRK1_26660.2	SRDH2_28670.2, SRDH2_28670.1, SRDH2_28670.4, SRDH2_28670.3
OG0007782	STRK1_34850.1	SRDH2_35550.1
OG0007783	STRK1_93790.1	SRDH2_85650.1
OG0007784	STRK1_53990.1	SRDH2_57080.1
OG0007785	STRK1_84720.1	SRDH2_90700.1
OG0007790	STRK1_79730.1	SRDH2_83860.1
OG0007791	STRK1_65120.1	SRDH2_68830.1
OG0007792	STRK1_87470.1	SRDH2_93680.1
OG0007793	STRK1_16970.1	SRDH2_3240.1
OG0007794	STRK1_14630.1	SRDH2_16910.1
OG0007795	STRK1_60930.1, STRK1_60990.1	SRDH2_62810.1
OG0007796	STRK1_59910.1	SRDH2_62240.1, SRDH2_62240.2
OG0007797	STRK1_35090.1	SRDH2_35810.1
OG0007798	STRK1_6800.1	SRDH2_5150.1, SRDH2_5120.1
OG0007800	STRK1_15280.1	SRDH2_5450.1
OG0007801	STRK1_98490.1	SRDH2_97220.1
OG0007802	STRK1_94670.1	SRDH2_97280.1
OG0007803	STRK1_81690.1	SRDH2_86990.1
OG0007804	STRK1_106810.1, STRK1_78670.1, STRK1_78650.1, STRK1_78660.1	SRDH2_83490.1
OG0007805	STRK1_84060.1	SRDH2_90450.1
OG0007806	STRK1_87410.1	SRDH2_93700.1, SRDH2_93700.2
OG0007807	STRK1_101640.1	SRDH2_48230.1
OG0007808	STRK1_54820.1	SRDH2_56220.1
OG0007809	STRK1_70980.1	SRDH2_78790.1, SRDH2_78790.2, SRDH2_78790.3
OG0007810	STRK1_71660.1	SRDH2_75070.1, SRDH2_75070.2
OG0007811	STRK1_77530.1	SRDH2_80920.1
OG0007812	STRK1_77510.1	SRDH2_80940.1
OG0007813	STRK1_62440.1	SRDH2_65800.1
OG0007814	STRK1_63810.1, STRK1_63810.2	SRDH2_65260.1
OG0007815	STRK1_64500.1, STRK1_64500.2	SRDH2_69470.1
OG0007815	STRK1_64500.1, STRK1_64500.2	SRDH2_69490.1
OG0007816	STRK1_60860.1	SRDH2_63250.1
OG0007817	STRK1_57950.1	SRDH2_61400.1
OG0007818	STRK1_26550.1	SRDH2_26590.1
OG0007819	STRK1_25430.1	SRDH2_27710.1
OG0007820	STRK1_42250.1	SRDH2_45650.1
OG0007821	STRK1_43050.1	SRDH2_45490.1
OG0007823	STRK1_28910.1	SRDH2_38620.1
OG0007824	STRK1_42140.1	SRDH2_45000.1
OG0007825	STRK1_2050.1, STRK1_2050.2	SRDH2_19620.1
OG0007826	STRK1_2460.1	SRDH2_18840.1
OG0007827	STRK1_21080.1	SRDH2_102210.1, SRDH2_21810.1
OG0007828	STRK1_34920.1	SRDH2_35620.1, SRDH2_35620.2, SRDH2_35620.3
OG0007829	STRK1_23830.1, STRK1_23840.1	SRDH2_28160.1, SRDH2_28160.2
OG0007847	STRK1_91600.1	SRDH2_96020.1
OG0007848	STRK1_59170.1	SRDH2_66640.1
OG0007850	STRK1_44120.1	SRDH2_47260.1
OG0007853	STRK1_32030.1	SRDH2_36850.1
OG0007854	STRK1_73890.1	SRDH2_79180.1
OG0007857	STRK1_24910.1, STRK1_24920.1	SRDH2_24650.1
OG0007858	STRK1_51240.1	SRDH2_48800.1
OG0007859	STRK1_84770.1	SRDH2_39740.1
OG0007860	STRK1_49950.1	SRDH2_50030.1, SRDH2_50030.2, SRDH2_50030.3
OG0007861	STRK1_18340.1	SRDH2_20510.1
OG0007862	STRK1_64990.1	SRDH2_68990.1
OG0007863	STRK1_88810.1	SRDH2_94390.1
OG0007865	STRK1_94620.1	SRDH2_97330.1
OG0007867	STRK1_83480.1	SRDH2_88900.1
OG0007868	STRK1_38350.1	SRDH2_40190.1
OG0007869	STRK1_55540.1, STRK1_55580.1	SRDH2_59920.1
OG0007870	STRK1_41540.1	SRDH2_42310.1
OG0007871	STRK1_9780.1	SRDH2_10770.1
OG0007873	STRK1_17140.1	SRDH2_3060.1
OG0007874	STRK1_48280.1	SRDH2_55460.2, SRDH2_55460.1
OG0007875	STRK1_37110.1, STRK1_31400.1	SRDH2_36190.1
OG0007876	STRK1_53640.1	SRDH2_57440.1
OG0007877	STRK1_71280.1	SRDH2_75410.1
OG0007878	STRK1_20260.1	SRDH2_22710.1
OG0007879	STRK1_80920.1	SRDH2_640.1
OG0007881	STRK1_62200.1	SRDH2_67440.1
OG0007882	STRK1_52270.1	SRDH2_51970.1
OG0007883	STRK1_25650.1	SRDH2_27520.1
OG0007884	STRK1_84310.1	SRDH2_89750.1
OG0007885	STRK1_94030.1	SRDH2_86110.1
OG0007887	STRK1_76610.1	SRDH2_81960.1
OG0007890	STRK1_109810.1	SRDH2_29280.1
OG0007891	STRK1_63630.1	SRDH2_65470.1
OG0007892	STRK1_88450.1	SRDH2_92150.1
OG0007893	STRK1_31270.1	SRDH2_34070.1
OG0007895	STRK1_44410.1	SRDH2_46970.1
OG0007896	STRK1_22790.1	SRDH2_25760.1
OG0007897	STRK1_83530.1	SRDH2_88840.1
OG0007902	STRK1_13870.1, STRK1_13870.2	SRDH2_17730.1
OG0007904	STRK1_9910.1	SRDH2_10960.1
OG0007905	STRK1_9260.1	SRDH2_10180.1
OG0007907	STRK1_32950.1	SRDH2_31930.1
OG0007908	STRK1_78120.2	SRDH2_82220.1
OG0007909	STRK1_77240.1	SRDH2_81180.1
OG0007910	STRK1_74560.1	SRDH2_79340.1
OG0007911	STRK1_80640.1	SRDH2_85110.1
OG0007912	STRK1_27940.1, STRK1_27940.2	SRDH2_37800.1
OG0007913	STRK1_39330.1	SRDH2_41520.2, SRDH2_41520.1
OG0007915	STRK1_62130.1, STRK1_62140.1	SRDH2_67390.1
OG0007918	STRK1_98930.1	SRDH2_4260.1
OG0007919	STRK1_11240.1	SRDH2_13240.1
OG0007920	STRK1_76620.1	SRDH2_81950.1
OG0007921	STRK1_86280.1	SRDH2_92490.1
OG0007922	STRK1_55480.1	SRDH2_60120.1
OG0007923	STRK1_63590.1	SRDH2_65510.1
OG0007924	STRK1_103450.1, STRK1_56360.1	SRDH2_60370.1
OG0007925	STRK1_75160.1	SRDH2_75680.1
OG0007926	STRK1_2450.1	SRDH2_18850.1
OG0007927	STRK1_74660.1	SRDH2_79460.1
OG0007928	STRK1_93450.1	SRDH2_460.1
OG0007929	STRK1_75850.1	SRDH2_77750.1
OG0007930	STRK1_15780.1	SRDH2_4540.1
OG0007931	STRK1_92980.1	SRDH2_98870.1
OG0007932	STRK1_88690.1	SRDH2_94280.1
OG0007933	STRK1_107420.1	SRDH2_89290.1
OG0007934	STRK1_84070.1	SRDH2_90460.1
OG0007935	STRK1_45000.1	SRDH2_47710.1
OG0007938	STRK1_54710.1, STRK1_95260.1	SRDH2_51510.1, SRDH2_51510.2
OG0007939	STRK1_54420.1	SRDH2_51650.1
OG0007941	STRK1_46690.1	SRDH2_53710.1
OG0007942	STRK1_73370.1	SRDH2_77440.1
OG0007943	STRK1_77080.1, STRK1_77090.1	SRDH2_81470.1
OG0007944	STRK1_62700.1	SRDH2_66030.1
OG0007945	STRK1_67280.1	SRDH2_70700.1
OG0007946	STRK1_67300.1	SRDH2_70720.1
OG0007948	STRK1_36530.1	SRDH2_29800.1
OG0007949	STRK1_26160.1	SRDH2_27020.1
OG0007950	STRK1_25010.1	SRDH2_24740.1, SRDH2_24740.3, SRDH2_24740.2
OG0007951	STRK1_39320.1, STRK1_39320.2	SRDH2_41510.1
OG0007952	STRK1_39510.1	SRDH2_41690.1
OG0007953	STRK1_22690.1	SRDH2_25870.1
OG0007955	STRK1_96510.1	SRDH2_42170.1
OG0007956	STRK1_40950.1	SRDH2_43280.1
OG0007957	STRK1_40330.1	SRDH2_43860.1
OG0007958	STRK1_40230.1	SRDH2_43950.1
OG0007959	STRK1_39150.1	SRDH2_41270.1
OG0007960	STRK1_33220.1	SRDH2_37210.1
OG0007961	STRK1_28960.1	SRDH2_38580.1
OG0007963	STRK1_2470.1, STRK1_2470.2	SRDH2_18830.1, SRDH2_18830.2
OG0007964	STRK1_6820.1	SRDH2_5170.1
OG0007967	STRK1_28350.1	SRDH2_34320.3, SRDH2_34320.1, SRDH2_34320.2, SRDH2_34320.4
OG0007968	STRK1_42100.1, STRK1_42110.1	SRDH2_45070.1, SRDH2_45130.2, SRDH2_45130.1
OG0007969	STRK1_43160.1	SRDH2_45430.1, SRDH2_45420.1
OG0007970	STRK1_50130.1	SRDH2_49810.1
OG0007971	STRK1_48120.1	SRDH2_55540.1
OG0007974	STRK1_68150.1	SRDH2_72210.1
OG0007975	STRK1_84980.1	SRDH2_89930.1, SRDH2_89930.2
OG0007976	STRK1_44110.1	SRDH2_98370.1
OG0007992	STRK1_42740.1	SRDH2_44740.1
OG0007993	STRK1_69520.1	SRDH2_73980.1
OG0007994	STRK1_62330.1	SRDH2_67560.1
OG0007995	STRK1_1900.1	SRDH2_19750.1
OG0007996	STRK1_41730.1	SRDH2_42190.1
OG0007999	STRK1_17790.1	SRDH2_2480.1
OG0008000	STRK1_61350.1	SRDH2_62140.1
OG0008003	STRK1_870.1	SRDH2_1530.1
OG0008005	STRK1_89550.1	SRDH2_95590.1
OG0008010	STRK1_8560.1	SRDH2_9360.1
OG0008011	STRK1_12340.1	SRDH2_8880.1
OG0008015	STRK1_66320.1	SRDH2_70070.1
OG0008016	STRK1_20200.1	SRDH2_23030.1
OG0008017	STRK1_81600.1	SRDH2_86910.1
OG0008018	STRK1_2230.1	SRDH2_19040.1
OG0008019	STRK1_36040.1	SRDH2_32690.1
OG0008022	STRK1_31700.1	SRDH2_36500.1
OG0008023	STRK1_86540.3, STRK1_86540.1, STRK1_86540.2	SRDH2_93140.1
OG0008024	STRK1_1420.1	SRDH2_2290.1
OG0008025	STRK1_23020.1	SRDH2_25520.1
OG0008028	STRK1_52190.1	SRDH2_51840.1, SRDH2_51860.1
OG0008029	STRK1_36440.1	SRDH2_32900.1
OG0008030	STRK1_31330.1	SRDH2_34130.1
OG0008031	STRK1_22510.1	SRDH2_26060.1
OG0008033	STRK1_14650.1, STRK1_101840.1, STRK1_90120.1	SRDH2_101520.1, SRDH2_92280.1
OG0008037	STRK1_49900.1	SRDH2_49980.1
OG0008038	STRK1_42800.1	SRDH2_44820.1
OG0008039	STRK1_38840.1	SRDH2_40950.1, SRDH2_40940.1
OG0008041	STRK1_20910.1	SRDH2_22000.1
OG0008042	STRK1_88630.1	SRDH2_92690.1
OG0008043	STRK1_75830.1, STRK1_75830.2, STRK1_75830.3, STRK1_75830.4, STRK1_75830.5, STRK1_75830.6	SRDH2_77730.1
OG0008044	STRK1_32550.1	SRDH2_31480.1
OG0008046	STRK1_35060.1	SRDH2_35790.1
OG0008047	STRK1_63130.1	SRDH2_69550.1
OG0008048	STRK1_61460.1	SRDH2_62010.1
OG0008049	STRK1_70040.1	SRDH2_73420.1
OG0008052	STRK1_88990.1	SRDH2_94560.1
OG0008054	STRK1_73760.1	SRDH2_76420.1
OG0008055	STRK1_11910.1	SRDH2_15210.1
OG0008056	STRK1_57220.1	SRDH2_60770.1
OG0008057	STRK1_71990.1	SRDH2_77030.1
OG0008058	STRK1_88330.1	SRDH2_92040.1
OG0008059	STRK1_57960.1	SRDH2_61420.1
OG0008061	STRK1_88540.1	SRDH2_93250.1, SRDH2_93240.1
OG0008063	STRK1_59020.1	SRDH2_66540.1, SRDH2_66550.1
OG0008064	STRK1_94530.1	SRDH2_98300.1
OG0008065	STRK1_92680.1	SRDH2_98920.1
OG0008066	STRK1_82560.1	SRDH2_87760.1
OG0008067	STRK1_78950.1	SRDH2_98940.1
OG0008068	STRK1_88850.1	SRDH2_94660.1
OG0008069	STRK1_89160.1	SRDH2_94810.1
OG0008070	STRK1_84100.1	SRDH2_90510.2, SRDH2_90510.1
OG0008071	STRK1_89710.1	SRDH2_95500.1
OG0008072	STRK1_47640.1	SRDH2_52760.1
OG0008073	STRK1_68100.1	SRDH2_72180.1
OG0008074	STRK1_70100.1	SRDH2_73370.1
OG0008075	STRK1_75480.1	SRDH2_75970.1
OG0008076	STRK1_75020.1	SRDH2_79880.1
OG0008077	STRK1_76230.1	SRDH2_80520.1
OG0008078	STRK1_76870.1	SRDH2_81670.1
OG0008079	STRK1_58760.1	SRDH2_67620.1
OG0008080	STRK1_65190.1	SRDH2_68750.1, SRDH2_68760.1
OG0008081	STRK1_65180.1	SRDH2_68770.1
OG0008082	STRK1_60980.1	SRDH2_62830.1
OG0008083	STRK1_56350.1	SRDH2_60380.1
OG0008084	STRK1_34430.1	SRDH2_35120.1
OG0008085	STRK1_102300.1	SRDH2_44460.1, SRDH2_44460.2, SRDH2_44460.3
OG0008086	STRK1_30140.1, STRK1_30140.2, STRK1_30140.3	SRDH2_30250.1
OG0008089	STRK1_23700.1, STRK1_23700.2	SRDH2_28320.1
OG0008090	STRK1_22990.1	SRDH2_25500.1
OG0008091	STRK1_23100.1	SRDH2_25570.1
OG0008092	STRK1_28840.1, STRK1_38790.1	SRDH2_40890.1
OG0008093	STRK1_30820.1	SRDH2_33570.1
OG0008094	STRK1_30650.1	SRDH2_33420.1
OG0008095	STRK1_13280.1	SRDH2_14400.1
OG0008096	STRK1_13780.1	SRDH2_17860.1
OG0008097	STRK1_2430.1	SRDH2_18870.1
OG0008098	STRK1_20790.1	SRDH2_22520.1
OG0008100	STRK1_16900.1	SRDH2_3410.1
OG0008101	STRK1_13000.1	SRDH2_8150.1
OG0008102	STRK1_9020.1	SRDH2_9960.1
OG0008103	STRK1_39200.1	SRDH2_41310.1
OG0008106	STRK1_44080.1	SRDH2_47280.1
OG0008109	STRK1_61140.1, STRK1_61160.1, STRK1_61170.1	SRDH2_68630.1
OG0008110	STRK1_84280.1	SRDH2_90370.1
OG0008132	STRK1_15880.1	SRDH2_4450.1
OG0008135	STRK1_70760.1	SRDH2_72740.1
OG0008136	STRK1_107280.1	SRDH2_85990.1
OG0008141	STRK1_34940.1	SRDH2_35640.1
OG0008143	STRK1_60720.1	SRDH2_63090.1
OG0008148	STRK1_46060.1	SRDH2_54940.1
OG0008151	STRK1_80600.1	SRDH2_85080.1
OG0008154	STRK1_58250.1	SRDH2_61760.1
OG0008161	STRK1_540.1	SRDH2_1010.1
OG0008162	STRK1_19040.1	SRDH2_21220.1
OG0008164	STRK1_49600.1	SRDH2_50400.1
OG0008165	STRK1_76400.1	SRDH2_80680.1
OG0008166	STRK1_78070.1	SRDH2_82300.2, SRDH2_82300.1
OG0008171	STRK1_35990.1	SRDH2_32630.1
OG0008172	STRK1_72260.1	SRDH2_77300.1
OG0008177	STRK1_87190.1	SRDH2_93920.1
OG0008179	STRK1_84050.1	SRDH2_89360.1
OG0008180	STRK1_84040.1	SRDH2_89370.1
OG0008181	STRK1_51660.1	SRDH2_54710.1
OG0008182	STRK1_54430.1	SRDH2_51640.1
OG0008183	STRK1_69500.1	SRDH2_74020.1
OG0008185	STRK1_73570.1	SRDH2_77630.1
OG0008187	STRK1_76430.1	SRDH2_80710.1
OG0008188	STRK1_77520.1	SRDH2_80930.1
OG0008189	STRK1_61970.1	SRDH2_67190.1
OG0008190	STRK1_62970.1	SRDH2_69720.1
OG0008191	STRK1_58870.1	SRDH2_65610.1
OG0008192	STRK1_65960.1	SRDH2_68290.1
OG0008193	STRK1_65170.1	SRDH2_68780.1
OG0008194	STRK1_58520.1	SRDH2_68060.1
OG0008195	STRK1_58490.1	SRDH2_68080.1
OG0008196	STRK1_67310.1	SRDH2_70730.1
OG0008198	STRK1_34870.1	SRDH2_35570.1
OG0008200	STRK1_36720.1, STRK1_36720.2	SRDH2_29540.1
OG0008201	STRK1_27440.1	SRDH2_29160.1
OG0008202	STRK1_23610.1	SRDH2_28400.1
OG0008204	STRK1_22090.1	SRDH2_23970.1
OG0008205	STRK1_43250.1	SRDH2_45770.1
OG0008206	STRK1_28010.1, STRK1_28010.2	SRDH2_37870.1
OG0008207	STRK1_30690.1	SRDH2_33450.1
OG0008208	STRK1_8610.1	SRDH2_9380.1
OG0008209	STRK1_10380.1, STRK1_10390.1	SRDH2_11460.1
OG0008210	STRK1_8270.1	SRDH2_14880.1
OG0008211	STRK1_15150.1	SRDH2_16370.1
OG0008212	STRK1_14560.1	SRDH2_16990.1
OG0008213	STRK1_13980.1	SRDH2_17610.1
OG0008214	STRK1_4240.1	SRDH2_18460.1
OG0008215	STRK1_18080.1	SRDH2_20310.1
OG0008216	STRK1_17900.1	SRDH2_20110.1, SRDH2_20110.2
OG0008217	STRK1_17890.1	SRDH2_20120.1
OG0008218	STRK1_1960.1	SRDH2_19720.1
OG0008219	STRK1_2210.1	SRDH2_19060.1
OG0008220	STRK1_19690.1, STRK1_19700.1	SRDH2_21720.1
OG0008221	STRK1_20530.1	SRDH2_22300.1
OG0008223	STRK1_15490.1	SRDH2_7150.1
OG0008224	STRK1_8950.1	SRDH2_9910.1
OG0008226	STRK1_13770.1, STRK1_13770.2	SRDH2_17870.1
OG0008227	STRK1_19280.1	SRDH2_21600.1
OG0008229	STRK1_33040.1	SRDH2_31840.1
OG0008230	STRK1_28300.1	SRDH2_34370.1, SRDH2_34350.1
OG0008236	STRK1_73820.1	SRDH2_79260.1
OG0008237	STRK1_87990.1	SRDH2_90990.1
OG0008240	STRK1_35770.1	SRDH2_32390.1
OG0008241	STRK1_45630.1, STRK1_99250.1	SRDH2_48400.1
OG0008266	STRK1_33460.1	SRDH2_37250.1
OG0008270	STRK1_30000.1	SRDH2_30440.1
OG0008271	STRK1_8370.1	SRDH2_14990.1
OG0008272	STRK1_19860.1	SRDH2_22850.1
OG0008275	STRK1_33070.1	SRDH2_31810.1
OG0008276	STRK1_1500.1	SRDH2_2170.1
OG0008284	STRK1_87970.1	SRDH2_91000.1
OG0008286	STRK1_11260.1	SRDH2_13210.1
OG0008287	STRK1_89310.1	SRDH2_94960.1
OG0008288	STRK1_59950.1	SRDH2_62280.1
OG0008291	STRK1_81940.1	SRDH2_35500.1
OG0008293	STRK1_73850.1	SRDH2_79230.1
OG0008294	STRK1_47490.1	SRDH2_52900.1
OG0008302	STRK1_69080.1	SRDH2_74530.1
OG0008303	STRK1_80090.1	SRDH2_84530.1
OG0008304	STRK1_27950.1	SRDH2_37810.1
OG0008305	STRK1_45910.1	SRDH2_48610.1
OG0008313	STRK1_90400.1	SRDH2_97540.1
OG0008314	STRK1_109300.1, STRK1_97780.1	SRDH2_92920.1
OG0008315	STRK1_84510.1	SRDH2_89840.1
OG0008316	STRK1_50600.1	SRDH2_49380.1
OG0008317	STRK1_47410.1	SRDH2_52990.1
OG0008318	STRK1_50830.1	SRDH2_49190.1
OG0008319	STRK1_97270.1	SRDH2_53260.1
OG0008321	STRK1_77220.1	SRDH2_81200.1
OG0008323	STRK1_26360.1	SRDH2_26820.1
OG0008324	STRK1_40250.1	SRDH2_43930.1
OG0008325	STRK1_40240.1	SRDH2_43940.1
OG0008326	STRK1_32830.1	SRDH2_32030.1
OG0008327	STRK1_30520.1	SRDH2_33340.1
OG0008328	STRK1_42130.1	SRDH2_45010.1
OG0008329	STRK1_4220.1	SRDH2_18440.1
OG0008331	STRK1_2480.1	SRDH2_18820.1
OG0008332	STRK1_2530.1	SRDH2_18770.1
OG0008333	STRK1_21130.1	SRDH2_21780.1
OG0008334	STRK1_17560.1, STRK1_17550.1, STRK1_17550.2	SRDH2_2630.1
OG0008335	STRK1_15590.1	SRDH2_7030.1
OG0008336	STRK1_520.1	SRDH2_1030.1
OG0008338	STRK1_17940.1	SRDH2_20150.1, SRDH2_20150.2
OG0008340	STRK1_21030.1	SRDH2_21860.1
OG0008341	STRK1_23500.1	SRDH2_25250.1
OG0008342	STRK1_28930.1	SRDH2_38600.1
OG0008343	STRK1_30840.1	SRDH2_33590.1
OG0008344	STRK1_32180.1	SRDH2_36990.1, SRDH2_37040.1
OG0008345	STRK1_100200.1	SRDH2_29660.1
OG0008346	STRK1_26150.1	SRDH2_27030.1
OG0008347	STRK1_103400.1	SRDH2_42950.1
OG0008348	STRK1_63640.1	SRDH2_65460.1
OG0008349	STRK1_62730.1	SRDH2_69960.1
OG0008350	STRK1_64720.1	SRDH2_69270.1
OG0008351	STRK1_103950.1, STRK1_65930.1, STRK1_65940.1	SRDH2_68300.1
OG0008352	STRK1_74600.1	SRDH2_79390.1
OG0008353	STRK1_7080.1	SRDH2_7450.1
OG0008355	STRK1_8760.1	SRDH2_9490.1, SRDH2_9490.2
OG0008405	STRK1_71320.1	SRDH2_75370.1
OG0008408	STRK1_49120.1, STRK1_49120.2	SRDH2_50880.1
OG0008414	STRK1_52480.1	SRDH2_52110.1
OG0008417	STRK1_26580.1	SRDH2_26560.1
OG0008425	STRK1_81580.1	SRDH2_86890.1
OG0008427	STRK1_110640.1, STRK1_82770.1	SRDH2_88380.1
OG0008432	STRK1_64710.1	SRDH2_69280.1
OG0008433	STRK1_67290.1	SRDH2_70710.1
OG0008434	STRK1_65450.1	SRDH2_63460.1
OG0008435	STRK1_23010.1	SRDH2_25510.1
OG0008437	STRK1_80950.1	SRDH2_590.1
OG0008439	STRK1_2420.1	SRDH2_18880.1
OG0008441	STRK1_33520.1	SRDH2_37440.1
OG0008442	STRK1_31300.1	SRDH2_34090.1
OG0008444	STRK1_27140.1	SRDH2_28890.1
OG0008445	STRK1_25090.1, STRK1_90110.1	SRDH2_79590.1, SRDH2_21660.1, SRDH2_27580.1
OG0008446	STRK1_40780.1	SRDH2_43460.1
OG0008447	STRK1_40270.1	SRDH2_43910.1
OG0008448	STRK1_52770.1	SRDH2_52430.1
OG0008449	STRK1_58050.1, STRK1_58060.1	SRDH2_61570.1, SRDH2_61570.2
OG0008455	STRK1_6980.1	SRDH2_7280.1
OG0008457	STRK1_75490.1	SRDH2_75980.1, SRDH2_75980.2
OG0008459	STRK1_80210.1	SRDH2_84660.1
OG0008462	STRK1_86530.1, STRK1_86530.2	SRDH2_93150.1
OG0008466	STRK1_59100.1	SRDH2_66560.1
OG0008505	STRK1_95240.1	SRDH2_57100.2
OG0008531	STRK1_55300.1	SRDH2_65650.1
OG0008539	STRK1_57630.1	SRDH2_61220.1
OG0008540	STRK1_88060.1	SRDH2_90910.1
OG0008549	STRK1_27500.1	SRDH2_36090.1
OG0008550	STRK1_25910.1	SRDH2_27260.1
OG0008557	STRK1_95180.1	SRDH2_41470.1, SRDH2_41460.1
OG0008559	STRK1_33410.1	SRDH2_37300.1
OG0008560	STRK1_35450.1	SRDH2_38470.1
OG0008562	STRK1_23780.1	SRDH2_28250.1
OG0008566	STRK1_64700.1	SRDH2_69290.1
OG0008567	STRK1_65150.1	SRDH2_68800.1
OG0008569	STRK1_61130.1, STRK1_61150.1	SRDH2_68610.1, SRDH2_68620.1
OG0008570	STRK1_65770.1	SRDH2_70280.1
OG0008571	STRK1_73350.1	SRDH2_77400.1
OG0008574	STRK1_100770.1	SRDH2_84820.1
OG0008575	STRK1_94080.1	SRDH2_86060.1
OG0008576	STRK1_82160.1	SRDH2_88060.1
OG0008578	STRK1_84150.1	SRDH2_89300.1
OG0008579	STRK1_87100.1	SRDH2_94080.1
OG0008580	STRK1_89030.1	SRDH2_95050.1
OG0008645	STRK1_45460.1	SRDH2_48250.1
OG0008649	STRK1_75560.1	SRDH2_76070.1
OG0008671	STRK1_10220.1	SRDH2_11290.1
OG0008677	STRK1_40340.1	SRDH2_43850.1
OG0008680	STRK1_6810.1	SRDH2_5160.1
OG0008681	STRK1_3160.1	SRDH2_5610.1
OG0008686	STRK1_81680.1	SRDH2_87000.1
OG0008688	STRK1_83280.1, STRK1_83290.1	SRDH2_88800.1
OG0008690	STRK1_104030.1	SRDH2_89320.1
OG0008701	STRK1_98400.1	SRDH2_81840.1, SRDH2_81860.1, SRDH2_81860.2
OG0008776	STRK1_15440.1	SRDH2_7200.1
OG0008798	STRK1_3910.1	SRDH2_19230.1
OG0008800	STRK1_50050.1	SRDH2_49920.1
OG0008802	STRK1_110200.1	SRDH2_32480.1
OG0008815	STRK1_87060.1	SRDH2_94090.1
OG0008820	STRK1_21010.1	SRDH2_21880.1, SRDH2_21880.2
OG0008823	STRK1_2950.1	SRDH2_16170.1
OG0008827	STRK1_34450.1	SRDH2_35140.1
OG0008831	STRK1_74160.1	SRDH2_76770.2
OG0008990	STRK1_90640.1	SRDH2_99690.1, SRDH2_99740.1
OG0008994	STRK1_78460.1	SRDH2_83250.1
OG0008995	STRK1_59200.1	SRDH2_64510.1
OG0008997	STRK1_38450.1	SRDH2_40300.1
OG0009018	STRK1_87960.1	SRDH2_91020.1
OG0009229	STRK1_94660.1	SRDH2_97290.1
OG0009239	STRK1_36880.1	SRDH2_29370.1
OG0009262	STRK1_31440.2	SRDH2_36240.7, SRDH2_36240.8, SRDH2_36240.6
OG0009263	STRK1_89910.1	SRDH2_96400.1
OG0009264	STRK1_82510.1, STRK1_102140.1, STRK1_39270.1, STRK1_97000.1, STRK1_20710.1	SRDH2_98420.1
OG0009595	STRK1_70020.1	SRDH2_73430.1
OG0009632	STRK1_64650.1, STRK1_64660.1	SRDH2_69310.1
OG0009651	STRK1_69640.1	SRDH2_73860.2, SRDH2_73860.3, SRDH2_73860.4, SRDH2_73860.1
OG0009652	STRK1_19500.1	SRDH2_21370.1
OG0010081	STRK1_17350.1	SRDH2_2850.1
OG0010100	STRK1_45780.1	SRDH2_66890.1
OG0010146	STRK1_76730.1	SRDH2_81910.1, SRDH2_81920.1
OG0010149	STRK1_84260.1, STRK1_84260.2, STRK1_84260.3	SRDH2_90390.1
OG0010873	STRK1_47600.1, STRK1_95640.1	SRDH2_52780.1
OG0010894	STRK1_34060.1	SRDH2_34740.1
OG0012287	STRK1_49460.1	SRDH2_50550.1
OG0012291	STRK1_22640.1	SRDH2_84290.1
OG0014844	STRK1_101330.1	SRDH2_43760.1
OG0014845	STRK1_96730.1	SRDH2_44840.1
OG0014862	STRK1_82520.1	SRDH2_87800.1
